11 2 13 11
-843.952700
-853.975445
-61.477788
-135.274293
-267.328201
985.789881
959.744079
-650.814462
-182.384680
-314.706395
104.992402
756.561957
512.134585
-687.094142
-571.596246
-485.112131
660.544055
766.708093
-488.974089
371.309502
-31.600134
935.304571
-735.726708
-950.249421
-250.048808
663.083466
-212.340456
-373.844629
105.643818
-213.534058
216.654610
744.750987
-718.317104
-662.588695
-743.724831
-406.864855
696.844449
-274.495026
85.686307
-775.181249
-316.456204
-326.283003
465.816335
-177.680239
618.418613
-271.374315
-437.331713
995.707246
-720.508719
512.363232
-209.725827
272.373123
-811.649897
307.301504
-973.236244
561.461911
549.937164
5.484297
-15.178636
699.496867
762.746291
-232.126868
-105.885955
-924.196905
436.453426
-970.297635
-406.084159
-438.246253
-312.971372
-748.613789
190.198274
-908.827006
74.896529
-478.807070
-657.147869
-25.768066
177.865037
563.189324
240.196788
691.162790
1.432919
541.796106
-651.080061
552.596620
323.615482
-789.519273
-21.867076
352.341527
974.466819
-706.724539
-814.680730
453.907197
-92.047332
-760.281713
619.651091
-936.093323
-144.251088
-346.120020
-815.276750
998.937693
599.397206
764.821341
735.853330
-154.382361
763.192898
-595.082517
-776.968255
-107.241726
-157.661980
644.962078
961.819282
553.988052
-820.856436
937.387218
-764.250221
-706.128430
-792.374572
-159.004674
788.350037
62.105006
-801.526099
-667.710937
-317.296882
695.497904
653.365533
677.709019
449.901650
771.975649
463.783124
419.399020
-568.511046
677.832927
80.728750
405.460157
28.455344
316.121748
-222.171819
304.124848
345.694973
-659.196907
575.825828
-723.859557
-291.214358
659.716289
65.129935
-849.614739
751.771466
705.278074
933.403033
294.853691
-97.918528
-709.234776
-654.784154
365.222473
-298.312199
-934.709638
-799.364343
-803.090556
86.077913
865.622118
-28.776720
-291.141161
385.505071
-814.163220
-47.569666
953.397894
-386.134904
404.895701
-534.820276
496.209419
-526.228663
-636.418534
472.151903
-85.031813
-241.820263
465.793983
-260.024749
160.822046
84.242508
731.168277
-289.183327
-346.240322
-771.647027
-675.476648
-843.250408
-430.910761
-966.148362
-45.851307
-460.149879
276.383146
-79.695989
988.814251
-71.888944
100.821273
-607.729242
-544.357649
-678.362880
368.885504
-674.185773
-816.780446
837.396787
-528.557921
-294.908865
926.402635
103.797738
854.422561
-292.818250
162.920238
902.534974
-850.975640
898.744318
362.663042
822.816851
961.614230
-821.249833
-138.674461
-327.853285
-740.709009
-232.762222
-375.596125
794.300625
98.509926
-651.198647
-100.782482
139.568781
732.462667
395.388933
662.337487
-917.113781
997.933374
-277.425190
-266.206061
-45.816450
379.361770
224.834338
725.574273
451.040119
19.514539
736.799338
629.716668
-214.193701
437.821425
-492.033588
865.860598
818.187187
557.857977
933.762953
-205.880138
-924.895293
598.819649
-439.460962
661.894704
571.907536
341.552089
-574.296926
742.160064
196.052055
-116.245903
333.314994
-581.010170
956.803739
-597.399282
587.476187
769.429728
-479.300612
-171.566192
851.227935
241.895800
600.824061
-964.014401
932.229219
-766.581105
-902.374444
-66.319016
397.602102
918.233655
856.502736
63.548431
-301.529402
946.975669
816.605494
690.746785
340.375515
-897.842454
-911.966008
658.629515
-393.928827
-202.108690
339.359337
394.994331
401.402080
461.115351
78.027597
-223.108538
837.221097
-879.290413
-883.495853
-980.838818
-228.047036
-132.782612
259.505557
-664.350974
-528.861415
-869.988518
938.036510
-714.823145
682.172947
-104.629931
227.579598
733.140842
812.950016
-725.867727
-265.533218
-209.556460
965.946448
-449.649135
-401.211428
357.999180
751.319977
-635.360972
6.618286
-111.589486
631.462598
510.345658
576.184864
-884.887478
924.639865
711.325757
-498.102745
-268.452880
-55.321881
-336.376719
298.806063
340.383525
-716.628008
-966.493510
860.033623
779.949615
634.895890
-919.052051
-559.626936
574.369515
-645.536160
922.495788
396.837798
322.249648
-72.676437
223.881568
-583.387900
691.313451
73.813603
-256.431323
32.022989
444.040599
-462.043435
-344.607128
263.999465
17.045106
-688.549599
464.101992
530.404444
210.992937
-447.193328
668.046027
-994.804996
-17.345297
-6.922422
-611.268748
-1.122142
-552.049421
893.537077
611.989085
-958.652944
980.695294
-400.346532
202.128524
8.719676
112.273303
328.094869
-792.040181
758.847394
38.020547
-476.760564
886.063987
-251.036722
86.628068
803.914915
-901.966118
-374.854616
266.768235
-142.694331
982.016311
-879.208868
-884.252557
8.894444
934.419505
-590.515589
406.202208
524.157353
51.446695
36.857983
821.758359
885.938867
251.422971
-346.441841
438.883678
827.087090
40.162498
-33.464586
930.075685
-230.459914
-393.840450
969.031768
692.808779
-816.053405
-144.093841
-622.064516
759.332677
112.640525
-685.427931
605.199693
-64.029971
-912.418656
710.132729
-399.846435
682.253614
-429.451939
637.146398
-242.937698
823.620057
-975.600115
672.401495
480.884018
-94.209761
-752.515970
310.592120
-915.632416
343.188281
-875.921813
-508.481652
314.057874
850.273054
-817.845763
-230.495685
420.752057
-735.978137
744.924813
222.814867
634.446988
-899.816625
-740.575900
954.751401
-69.163322
677.904261
-864.858757
-241.684938
-17.835599
225.077888
936.710155
-553.629423
-899.050802
-894.168462
-845.291447
-657.803442
225.460607
-703.353560
-603.294726
-494.428316
193.058977
494.648864
-253.651298
711.511395
782.972990
-13.428522
-488.430702
424.518181
-515.082613
-266.199871
210.470476
584.439727
661.384041
-87.977870
827.401492
40.538264
860.001158
-823.053640
242.350080
944.739112
485.659193
409.775536
495.639225
845.140553
