12 2 13 11
-373.410980
962.512930
430.787005
785.486661
-326.998341
-38.177788
-869.737754
-301.288256
690.994414
-686.040362
198.077336
-975.602172
-338.379541
791.056202
-200.479506
-922.812110
783.468718
682.090882
-212.949942
335.680658
-715.570008
711.526387
443.658792
487.111629
855.028761
-706.065452
881.383044
515.467940
528.501450
-40.263424
76.638020
189.849437
-860.761084
-279.177963
13.707777
608.596336
-894.250445
143.086865
214.676153
-856.075423
-949.939474
-409.427125
209.260055
-404.500483
-239.577180
-173.838635
513.784155
-973.421954
576.471397
-2.056505
-47.574184
298.368482
-390.866210
-132.678176
-2.038303
-236.587008
-29.513521
-226.972046
583.535348
83.430708
747.182871
624.558418
-965.510802
-161.059748
214.409420
432.836972
-200.710942
763.289795
-913.796606
-77.666191
365.501844
186.002299
849.788823
-948.480703
523.503982
863.370110
-837.241693
-7.472553
-679.075984
-628.330574
-819.684497
739.419367
999.081748
-177.178354
662.670506
-563.612510
412.651045
39.828283
64.241542
-483.382448
560.253798
209.342266
337.943389
173.666600
-124.544011
308.137661
-338.386777
948.556457
411.576791
761.747998
-722.355391
80.192147
506.614640
-216.071685
430.154971
623.072692
-90.560014
945.842040
-391.704540
-937.529301
642.264222
301.432159
205.921527
-418.119918
924.263057
-745.072236
593.899953
676.414818
-585.736384
283.594108
926.236752
-193.430961
154.535968
585.257477
331.587765
543.636628
902.377934
-143.289870
556.837214
773.882774
341.509656
-471.524460
233.623397
-592.532125
473.062023
-241.433021
-256.505331
753.512026
364.209206
885.374844
-659.786128
-122.786573
-645.643926
988.631173
-686.575585
-128.359596
-491.987864
-492.937780
910.862300
-663.687860
585.048746
992.153006
-110.495437
260.870990
-556.395003
462.007449
428.744284
-41.612884
-58.312017
89.414187
-571.904313
-198.418873
590.302608
679.699753
-387.817259
539.717072
467.392592
647.072888
277.476421
-973.162687
-160.203800
-452.678650
830.431868
-622.579915
371.232383
702.845016
959.116518
565.090800
-422.193530
-122.796251
835.706484
-495.002062
861.366545
172.493684
39.724331
-967.095987
-369.402709
-700.315093
104.186928
-117.606436
380.734571
-332.804231
618.951145
-140.012448
691.018685
-240.769087
218.565303
164.143394
-796.959480
-376.258741
-556.799346
588.754673
-845.345323
-304.539753
-188.066922
701.010709
526.761550
-363.773444
-345.923039
966.968739
275.897439
-892.174826
321.476156
-308.929280
-907.199845
-707.131182
-396.394596
-80.146082
-472.486078
-380.235106
-275.262227
123.824964
-551.378546
-255.582688
-778.623369
960.692779
426.100373
-452.380325
-850.177358
45.219157
174.287311
-995.049095
-825.760316
796.836605
-8.057756
-167.906660
-552.512130
-12.717888
-196.408887
708.968533
260.011584
-465.097172
64.690856
-606.351295
-699.474773
829.260667
-473.467360
112.705763
-130.416619
-160.860462
586.138711
127.527750
-837.820899
701.631844
-434.028619
-835.832871
868.759336
-681.087947
-391.167218
537.655542
315.126228
-494.465354
703.338269
537.364575
302.216421
826.479449
492.817947
459.297431
84.019657
-6.367537
-634.428422
383.141104
919.219110
909.227528
-564.080300
429.081580
-533.954633
179.902460
-860.970117
-66.971188
977.136416
471.723748
377.538015
910.758695
-41.300586
214.472804
289.763764
462.012311
-939.309456
815.236807
714.659140
-460.167230
-643.016107
637.565286
-575.116577
-381.859634
-2.658173
203.645132
7.544584
871.616999
406.128470
-125.046194
64.644176
555.445538
-631.122442
471.248023
139.412882
-827.341683
-539.022899
-305.511534
948.721662
-527.123517
-270.760744
-592.619021
867.530429
-132.723446
882.288072
-875.970687
481.425994
-157.188283
145.912802
-353.069394
-244.082051
-481.431842
-951.554169
-721.763703
-529.968846
937.938660
-515.513436
-178.679314
178.070376
-783.343094
-504.397600
-986.477516
918.987207
911.904464
-19.997366
-374.593586
-372.902050
-238.197519
57.999316
-692.261690
-75.798969
-861.209474
546.634681
-137.671381
-839.343709
-217.824432
-277.913091
542.151256
807.121909
525.902182
653.443336
677.310625
620.273283
-271.167472
474.668551
126.346960
962.613982
400.587097
-1009.662087
-960.126594
-590.821369
27.522462
-887.820555
-340.856729
-70.276296
302.970978
-979.250190
-507.933117
-110.114716
347.397281
-468.244981
81.679561
903.186351
-428.329943
-949.582602
686.029726
-97.688495
668.032402
308.604464
-302.008630
-985.892817
470.457268
299.048455
-384.217400
-900.562592
-277.628021
-399.506063
578.867355
-275.063944
259.419919
-430.747036
-858.885741
709.176601
-108.505426
11.014017
744.830393
-187.612922
-272.261558
484.254498
296.299674
-542.048606
-820.490580
-115.287652
638.668110
323.657060
-278.182423
-243.175287
-243.044622
-484.775233
-306.852613
-32.511643
-46.452126
-556.962072
-822.358692
-22.146459
406.437933
177.277816
-956.609113
326.932323
598.252147
-373.174593
449.286990
402.449815
121.213874
-599.902844
499.733650
-796.607206
-532.617586
-942.563071
581.477470
19.386538
-510.215705
-45.541652
784.456490
-586.279280
-306.246516
470.179704
535.694608
-927.089016
-851.937492
-983.658658
-926.916394
-484.346855
-818.858397
315.304702
684.163095
206.088840
797.497460
-638.564298
875.596154
-21.889816
53.180404
511.215382
561.857253
37.685010
-853.870490
-635.975705
-589.544804
-871.192367
-250.399561
-366.284443
-293.365084
-734.057963
-103.356016
848.802624
-782.644125
278.797869
-145.125356
-795.035734
939.605988
523.634519
-813.252930
-998.921820
986.765684
159.729335
268.121972
523.083420
-356.841430
532.017601
-110.394444
345.907525
-182.848134
-167.984325
-373.652671
185.775550
-446.445724
-937.460065
658.227221
-607.330127
-387.480558
-53.173179
530.677646
710.808293
-181.040637
-955.848768
-735.761242
-936.841906
-668.270864
-774.529820
-41.395802
800.231282
-423.960349
712.631018
