10 8 8 10
710.642320
410.751459
980.273566
-525.785155
-847.104930
882.625533
-528.976442
-217.474733
53.147803
642.310403
-468.543579
-455.645883
501.741974
-902.217564
-148.891138
996.466933
-957.881828
-391.078608
-340.259722
869.392942
-70.037612
583.316328
749.808716
903.135988
528.461546
-865.561364
-810.127772
-5.810600
713.740516
-444.141536
-397.506477
-671.287460
-446.781599
-68.079938
599.436116
-510.434594
-679.341178
-531.250648
-341.441756
-368.267033
-845.872211
-502.497507
687.841790
-727.042727
948.406844
-194.328273
167.347757
-616.754404
-100.484021
563.635928
-19.381077
358.048920
583.623045
-969.761468
-267.690019
-131.788602
-233.192772
-967.538666
-635.224751
530.794913
94.971017
882.132693
722.008174
303.273818
85.644937
976.760433
-897.079067
-303.435248
-654.542034
-720.452641
132.199228
290.436079
865.449732
-632.466370
-529.242306
-826.968047
175.091546
-918.060127
-47.148740
693.532664
270.325150
101.071030
904.616239
-914.523012
-632.205954
-539.593301
923.665298
322.851423
618.536380
28.241869
871.971249
452.701156
-290.226473
469.136910
629.653566
415.914603
816.688019
-150.716937
-401.375473
596.419751
-849.842510
624.433381
-181.788939
-944.735572
204.229738
-105.809531
185.057767
400.662924
-671.607127
-17.798457
722.681902
-656.614165
356.537232
358.488702
994.806835
801.687629
998.540387
-803.094288
565.213860
-328.859593
622.255897
308.543141
-532.989145
783.553173
-626.154394
916.520498
866.581600
-176.378652
976.504820
253.477229
-284.256884
575.470747
-723.463657
964.345839
-553.224869
849.097501
933.029458
678.361164
810.844949
-626.649393
739.865765
792.579989
817.421096
-14.785771
-522.816018
-542.440515
-821.547650
-512.598161
233.336733
-156.233787
516.201586
80.323552
514.728782
-660.624122
-792.669879
-433.062783
-750.631842
85.114082
-52.560991
473.536271
-607.305270
865.574992
-499.808213
-107.237392
746.735090
690.510886
-667.350724
921.794933
775.368024
-178.416029
-507.909655
-529.700821
74.215874
-968.799904
15.066403
-357.148742
-92.495116
-172.081436
412.680054
74.406509
-382.326026
-716.192319
90.938063
-657.377818
-953.073343
539.700565
-836.560602
430.290438
-333.948017
232.458779
381.111387
448.281610
-159.962574
558.043828
490.163391
-777.464520
220.586985
-573.880672
977.282385
824.953401
513.349729
494.068923
627.208819
608.133370
-763.018149
-55.171798
365.998299
-653.451123
-437.306465
802.800182
-739.980292
-825.010486
-286.318281
977.770799
804.848318
221.647473
386.068300
-599.848152
-682.723141
988.626175
-720.426715
320.531514
-780.283679
-498.297653
-380.798293
-206.234921
-758.464070
97.250066
-439.709839
786.697230
12.231992
473.095155
-730.002687
458.351804
768.054273
-636.076700
840.898611
-255.758528
423.297898
99.725939
-293.289548
44.860407
517.217760
-30.187635
527.339786
-538.377604
320.375238
450.163873
889.369495
402.673096
181.970460
865.701243
57.836874
896.038171
-648.824411
-444.415326
-711.045380
-758.353233
680.370001
84.681188
-286.230702
-766.793683
892.563080
354.316174
209.735414
832.871900
17.075005
47.701292
129.946444
293.927096
-11.626897
795.510529
206.669494
-649.366378
669.844423
-495.453380
-562.958650
740.827338
605.062455
619.398233
-259.979959
-9.085368
904.125759
-951.507503
595.777073
-557.455730
-52.115906
108.261519
-893.977970
-808.906548
994.571102
-714.544571
-332.088210
72.098034
270.668473
-53.208275
266.204758
-784.869073
-693.455105
-798.767461
-193.797352
-604.003315
-9.168696
-472.848057
691.833372
401.387599
-533.287750
-399.997911
-378.198293
451.652410
-900.491559
-490.154297
566.044721
787.564583
-25.932022
-866.579315
-72.199185
-228.143941
-578.112042
605.551068
-794.425757
-812.805781
28.577618
-430.467964
407.060407
340.107631
225.686621
-862.371983
749.051700
8.107743
-620.689233
651.405600
221.378078
452.405686
2.522571
560.075925
302.354678
759.560720
82.351316
-714.096439
-258.302461
271.497775
499.482833
691.942277
-12.960533
718.033718
-145.664458
713.718038
515.461117
101.548991
-96.465317
200.831008
503.173239
827.226649
530.444149
-595.826142
-850.117379
-786.361853
-135.977747
261.873652
-51.255147
841.027471
-713.276239
92.070433
802.005893
256.980723
628.948095
445.720184
888.888617
-108.051251
-939.115941
768.370321
719.409870
580.850869
435.302698
388.907280
783.027178
-180.389637
945.573763
-481.746838
595.163426
411.067508
363.997497
51.127219
-418.805094
818.271276
576.216540
-772.644867
340.418643
-709.219481
336.012836
526.467442
-640.528899
661.674439
-823.687123
973.389804
-769.343436
-508.399956
400.673995
-267.689331
816.801908
-891.624496
-115.361199
-629.599178
-889.985271
84.575368
-715.497459
375.413804
-740.848705
-464.510319
535.954447
290.753086
830.824509
-399.356371
917.344990
476.131748
-389.562055
-433.770628
-944.723349
-374.556605
-849.175347
-339.502245
504.458200
941.019355
-171.577604
-628.533058
86.842311
-338.910103
567.169740
112.260827
1.513099
-154.049766
-889.755948
-617.244928
-414.919624
906.824261
31.437296
764.707699
46.020825
618.482866
-896.654078
-161.778701
-299.910691
-560.011673
-257.696471
378.487088
475.038522
-787.527815
-443.473847
-430.980714
-561.709975
520.149267
616.190868
950.546753
700.812974
-287.551298
-769.387545
-247.695919
638.236070
855.651195
-437.453448
-967.257125
107.897708
-827.068933
-542.059458
326.361594
-483.265059
295.642653
859.241987
551.304453
-459.062165
637.126138
408.850488
6.506862
893.620368
-308.953528
768.159560
-992.724201
443.526705
-11.466310
-554.323059
986.180879
-976.306216
676.935788
678.599729
-738.246635
-201.698922
851.889684
-953.772003
644.217106
-133.296399
-145.094164
623.330321
-813.227853
-132.466464
995.385313
-750.765157
391.767783
-495.647692
-142.730379
-402.660631
880.690709
-37.835112
217.329228
-101.392919
95.994963
162.572419
769.985965
216.104466
265.306202
480.112845
-996.357541
519.489461
751.790740
-148.327681
-762.113440
945.807508
265.045601
630.637185
639.762119
545.533973
-350.523888
-251.810288
31.306193
407.589565
375.817336
568.147759
-458.171832
309.705700
700.204430
198.895754
-918.892276
-350.093370
-82.338462
-18.977585
335.054862
485.008430
-565.747915
-931.806475
443.191612
260.422915
-283.234802
-951.335569
-38.414535
350.648167
820.547965
491.303325
834.589470
826.742784
-398.755328
-295.944311
573.650671
-50.973366
-139.389428
-589.261195
854.370954
732.926149
289.031571
-806.716616
-800.321112
-458.661229
239.514953
-448.076942
574.946786
831.911559
64.856900
-662.635205
-152.227511
-37.451595
625.804162
764.347790
-860.504536
-973.167204
-482.204400
-307.438468
-556.137835
-647.438087
-715.567536
-407.357395
-932.015527
463.942105
-886.280296
13.145446
-628.568934
-250.117126
965.396286
81.399749
840.805234
951.071111
-250.797676
-31.400992
114.449324
-406.081442
-122.287880
-549.244789
-464.201424
-760.738806
-317.749582
-637.829409
649.049109
594.370593
-339.579486
84.922400
454.544226
-652.050505
-466.120438
453.150578
-307.318486
-657.892302
440.348960
-326.826392
431.598990
694.659428
-946.937875
-35.836753
237.521232
970.615287
-653.666756
492.835028
-825.136861
682.121748
-757.920725
-668.181617
636.886295
-723.352072
-895.050129
-47.911160
-106.394038
316.594930
-582.865349
-311.250374
-893.214695
-814.071350
-810.499460
856.223120
-625.643849
-662.160316
-231.525840
603.874253
-355.870554
120.910664
162.524570
-698.579081
603.361429
454.296446
-296.536587
-12.147301
700.794116
676.804557
-560.242093
729.083510
-277.678730
72.728292
741.512580
168.584222
704.059179
868.199568
-145.771620
211.335079
-769.259700
-637.205734
-329.307942
-782.101159
847.028530
118.716937
-542.853195
-914.768562
102.354711
-287.322013
168.516293
-742.535348
-55.201166
-362.079231
-771.045514
538.330412
780.881915
377.571825
-901.608240
177.199255
-811.444313
614.407943
-719.229587
