10 4 4 10
630.481451
989.625125
851.318198
-141.288223
-131.409934
-191.465972
35.664562
158.539736
791.817754
-330.383642
222.092539
373.088458
166.303087
968.095735
740.392256
181.966399
710.699144
-251.191847
662.013717
857.528549
-995.545858
171.646075
667.234902
-88.822951
-304.273822
526.981343
706.105537
465.987826
-951.258666
210.120256
-441.560752
310.107430
-616.890861
-479.754846
392.620715
680.561424
-875.085740
421.337813
885.126458
-10.038845
-206.007499
393.441663
-447.763568
271.435254
366.517336
519.273256
178.387125
26.471368
291.353540
750.029645
259.974764
-652.142758
397.832306
-696.824927
-368.217597
852.530947
-286.476618
-824.804180
505.126265
-558.123799
-963.156104
328.237504
-227.374362
522.129620
301.137932
-713.750810
361.676599
198.638825
-774.784366
-127.658033
-293.871779
-400.590834
-109.802445
-857.858430
508.533343
875.596283
-185.765249
506.682784
135.328262
-994.745208
563.359020
-829.730794
-588.195639
441.146992
377.938486
-911.104066
124.127131
374.169282
-960.636700
396.000716
894.097143
-242.340404
289.067917
252.566441
298.159614
-563.141826
838.436214
21.375635
423.013056
774.422110
739.682752
-451.801548
191.836388
994.953653
260.650779
-597.540319
-228.592630
-216.910922
176.122567
-639.866764
-426.739722
-716.034628
-296.765229
-478.966445
-894.509205
-762.530689
-756.549650
-746.740360
-875.748266
834.906593
-401.462645
-875.775719
386.338958
279.739163
583.082859
896.121950
-534.370895
-653.056767
-649.643079
-25.957464
771.200255
-397.899006
-156.241680
-365.205276
-105.344445
-958.077216
-653.607665
-909.562882
717.422059
116.622900
17.101629
202.048187
192.431732
-958.765923
-922.656823
-324.888279
-17.961128
-718.525202
-180.246351
-490.109172
-843.580501
460.787867
722.501927
-757.119886
