10 8 8 10
17.537198
658.256914
187.529089
-653.219870
401.065216
350.700515
747.406923
985.973558
-847.160696
-891.834382
-852.942174
773.518901
226.511093
-268.558899
-189.343201
875.336147
764.039163
746.269190
-679.356875
204.174810
254.344872
-757.673742
-876.915795
-528.904048
-777.429057
136.412141
-827.606575
-980.942618
-237.979262
-373.030408
933.169956
-11.694963
811.178554
-543.847929
792.191194
250.054573
493.533578
-476.683600
668.478736
611.682549
-731.225566
-340.768397
28.173593
94.747722
437.962919
578.347890
-741.467922
399.679589
-478.684155
-175.065858
-93.968585
-964.578691
405.023889
370.209579
-985.450604
-214.955718
39.491533
-705.890611
-567.457496
955.532829
-422.048849
886.993377
-606.509841
-732.883778
-613.386434
-977.518357
-987.176369
730.402282
586.786301
-299.041373
-434.985998
-850.118350
624.704162
468.313107
-784.352763
-845.858933
-785.851051
-528.477439
858.645957
977.591010
-964.866371
-435.844621
884.656244
-407.369170
-434.578630
-754.024551
929.009104
145.232392
-594.499089
962.660089
145.872629
666.889469
-551.570872
134.720703
-159.666136
-328.995893
-554.632470
41.038288
146.023997
-294.343110
-546.573788
-145.346181
937.590379
-807.751925
-355.738167
308.504440
210.775843
862.310944
43.779970
290.795543
210.689592
656.774399
348.501158
-437.003418
685.335636
12.087855
635.631988
965.194308
272.850147
-86.655372
-499.908444
-225.720292
644.172862
-357.745080
-338.330535
547.120808
-530.388315
673.195830
-45.601206
377.358840
831.502803
806.214774
-648.520652
438.308380
896.411586
-983.744387
-24.055675
-337.402349
-133.940037
420.072164
798.010654
289.843465
-113.643161
-223.380325
447.149657
-278.378811
-2.439747
-337.111190
473.540738
508.369475
275.721787
877.947196
206.566684
-398.285430
320.171058
940.337503
-532.558432
559.403402
210.859572
-581.795891
108.031835
183.034806
-280.396392
119.304093
-729.081521
-395.727160
-20.071932
-355.895362
460.591556
846.794430
-275.905728
712.124623
42.479869
749.276444
282.981713
490.507409
406.119347
-1.485496
189.272984
-497.741273
-673.731352
-236.960704
315.880247
-878.117356
657.095060
-452.081013
183.228902
-913.386457
-951.776320
213.568103
-940.316911
276.749761
265.740926
592.262681
-148.667961
935.333326
-970.474014
79.036396
503.641171
959.954256
-849.860987
-677.199966
-38.272697
109.821542
-2.240423
-22.536583
816.099882
-256.393556
-183.360724
178.939641
-408.961323
296.643912
-778.794685
-71.109044
-545.355541
-28.766239
-488.112674
650.103576
-416.355326
906.563473
956.932215
982.387802
-77.128716
-196.293524
-69.062973
747.491512
-682.347022
466.409276
-221.997213
341.969595
-533.230412
944.522011
-97.360173
127.787158
-714.357067
638.529987
-661.156341
-779.966694
417.502146
-727.534790
296.096651
-515.437415
-387.769476
743.862866
360.922997
-913.363228
-54.185770
517.437244
766.278042
204.283139
-531.847523
-692.842593
-26.133907
522.413072
-331.346356
147.918261
323.877309
-823.112591
490.032474
365.609078
390.902111
-680.977953
-465.882918
-72.262185
791.472644
332.521211
733.059997
-975.199802
937.185560
139.756009
-235.567901
-260.830395
-461.608770
718.482884
714.192284
-209.514916
-712.872542
745.236455
-459.859867
412.451415
589.068355
-942.499667
-998.222923
271.751857
566.299114
-775.797314
355.915478
-589.706584
763.475616
349.500081
614.911020
-723.159593
990.003799
33.072030
-245.431859
200.895006
-894.949092
33.906126
286.614044
-789.386987
316.274640
-86.041529
295.560274
-457.663978
-429.956289
-270.620733
356.356231
-154.505226
-258.961586
0.405599
702.198242
-468.824747
-952.735903
-703.214989
122.360358
840.632372
458.527401
442.440598
-279.205291
319.625892
-879.090876
897.532155
-988.211549
255.862702
-555.341769
-882.253414
-646.863192
-525.543585
667.039514
-574.746278
902.455302
-88.895139
540.379920
-743.128913
603.650335
364.934035
-8.963412
-444.941641
603.331356
-116.566094
975.882123
-154.850596
-480.545296
768.958785
-235.127081
-37.074430
838.584370
-190.261172
458.603547
432.768524
-346.357430
42.738294
390.582963
-408.001172
590.031201
326.177778
-566.129904
-292.562664
-431.878772
581.575125
963.400411
-528.230299
-647.399293
857.032703
781.339492
-938.763965
983.655392
-922.274139
458.986544
-545.102894
-790.299903
423.452493
-746.679979
17.492573
-625.354595
-948.215656
723.068460
-432.702727
-864.660988
-363.752318
-529.729708
-31.260125
-861.669210
-927.044724
-269.205584
-542.480558
-287.598729
238.284028
-26.276356
-81.776410
588.504972
-301.811318
-33.855816
521.953005
918.313376
249.556039
-881.516996
344.779337
-925.318836
563.977364
-868.001885
-755.964151
-170.346264
426.389921
983.541821
660.566873
619.128316
559.465826
-228.000071
87.112497
733.559171
842.711558
381.024111
-647.146796
-778.857619
860.312208
38.421952
819.981618
-418.083035
-569.435743
-520.703448
-921.235470
-732.514383
612.724056
-538.747723
649.762820
-329.419435
570.206396
-68.867823
-129.439198
-281.442496
-15.844362
-585.174203
-558.562095
-628.983402
602.729791
254.072782
418.222149
-845.681564
702.805125
-812.662894
88.368913
827.338350
-453.899033
571.652631
388.508297
-843.182780
-196.919615
-948.129344
-473.560610
740.460704
-317.443763
138.275793
2.801505
-436.328006
847.867857
861.088529
-217.280677
-735.463422
-481.636234
506.313339
-261.165712
381.917296
-652.881936
644.464196
-282.442412
723.329643
904.516370
833.487796
266.128621
759.497247
-283.431297
776.779237
-390.833301
314.067755
-891.932960
-674.736937
-139.234080
-349.696880
-771.082732
-727.418901
-661.154434
358.687041
-66.894028
-625.440206
-551.937460
368.414158
-998.095652
-3.249800
67.722930
-159.956634
-352.371621
101.078001
-221.285580
-64.515400
-163.391335
-756.057758
264.901179
-198.374560
530.613797
367.486950
424.651498
-14.209767
-86.113291
-56.300111
-208.161218
696.647421
-650.033310
-239.959105
990.713893
-737.019119
965.653944
5.958435
-440.005632
96.084729
612.398684
-481.299904
247.029913
-649.400876
357.630344
311.533461
21.646079
-671.872705
441.763314
915.043280
-254.237585
47.099652
982.437444
698.433632
-750.847163
482.124117
-342.358044
259.420572
-926.738686
806.678312
-16.028692
-199.362049
-563.385070
-347.682783
269.797709
-504.050278
897.986217
523.911277
615.446804
269.611789
332.672010
-851.156124
891.087755
475.076700
-392.038844
-955.311426
922.732331
-406.896376
506.047270
147.179531
-493.704548
26.454876
517.929981
-534.230740
-400.742535
-181.780143
386.846655
-75.167047
-722.338854
535.591060
677.011625
-119.325431
-256.398979
-3.724158
723.975593
646.409113
960.879978
947.190529
836.878170
166.024279
-236.636376
-332.741231
118.036042
-597.356190
-989.368024
-179.912777
-213.410286
985.231521
506.951262
-580.796174
-322.715036
-866.329665
-676.459486
154.234983
481.617521
-60.752107
528.301703
891.771642
-364.351828
-409.956005
-284.061895
56.732231
-8.353846
-872.479254
550.613290
-211.379804
378.613136
-866.023128
759.615296
-54.382747
338.590157
744.184812
7.152179
-515.176436
-471.777700
147.415184
-903.346464
-923.029646
-159.346792
243.581404
587.351024
794.359576
-833.076560
827.916017
216.039573
-735.586541
981.706931
243.716779
-940.175543
-520.325410
129.917385
-47.722521
-387.437574
84.421261
-815.974365
273.805476
-689.916411
432.404508
-627.884735
-420.651398
-326.816446
361.925587
871.699989
-922.088632
-603.366003
-653.883395
891.262038
-847.341406
-150.275096
421.259712
-358.342618
-539.629222
-503.854546
-456.689170
224.243754
579.230257
-62.731275
123.882603
865.979601
366.200649
-490.425532
43.880202
705.552280
61.229823
826.198574
153.294313
-553.451285
500.834304
382.816520
-857.137322
692.766916
911.260462
-436.665306
-7.346205
623.121830
-450.578790
-524.651487
-309.605052
-579.311281
-640.248227
308.048424
484.154260
589.335695
-371.349132
-434.298886
332.029407
-722.836542
