10 10 10 10
-374.016295
-56.553257
-216.781807
-969.520419
964.817547
-920.301280
-644.289393
-627.977018
158.659274
-150.627086
966.168544
-322.320950
927.680893
820.683550
-889.885149
-395.257663
-952.823267
-322.740749
-980.351322
-701.490121
502.232624
918.635959
-758.363036
775.073824
-562.009726
-81.008580
-384.429596
609.477107
233.861048
939.583489
30.220889
605.800990
166.895513
-71.046654
136.390634
809.884175
843.511550
394.722481
422.561730
683.660708
277.991157
-66.158432
62.366984
515.735933
-703.572901
-264.307215
167.699946
-247.100332
-574.032276
-909.918432
687.137419
908.074594
-98.480328
741.184698
74.133261
275.652037
-595.592788
-462.188947
281.908573
932.770660
-206.337813
-759.407427
549.020834
-944.231974
823.238788
-217.986621
107.084621
822.661365
-77.214268
770.383588
652.095889
-810.286587
421.828678
-295.489952
995.502712
-956.880486
-83.727296
949.147794
-985.958656
-320.402224
-643.757385
554.119310
925.183365
200.424785
241.440707
49.478663
-200.822136
-810.575847
-601.212610
-945.752660
957.966635
348.446540
-821.419381
-589.107659
-251.844612
-466.583646
122.939120
838.480503
496.515573
-713.189416
878.089178
-712.318673
710.774723
-835.053556
-851.666123
939.911181
-491.559433
652.967578
-571.500157
-763.251637
-309.627768
529.102488
-977.669783
829.185164
-330.721864
499.400265
843.160513
-148.255192
177.378100
92.251329
470.501398
885.229153
590.105626
-897.615743
-854.608555
6.606860
-713.888809
112.284964
802.400316
326.521569
217.752367
215.719955
-41.049600
-447.128569
693.310352
447.607284
594.918040
790.421685
-261.210435
-839.299236
459.798472
427.371631
-765.426155
-568.648375
-369.237782
-870.622785
8.655060
690.132710
431.026049
-694.966544
-822.756125
705.535969
632.570071
-387.560091
-268.697523
-137.203781
-517.888940
-741.279200
689.831155
40.097963
-362.861080
-232.574974
-582.334292
445.438604
848.086481
-810.922482
208.600889
259.072600
710.498850
534.908641
-637.305146
-227.472242
704.727062
292.931216
-705.411728
-791.315220
222.022039
-277.513242
-111.621482
-694.073646
-458.291784
-166.315492
-352.560062
-705.433898
479.485805
19.261204
808.209479
-291.613032
504.326948
-91.952404
-534.700132
-665.319886
-144.954525
-373.378646
980.496940
562.683773
-979.434403
-274.812066
-637.836771
982.417521
336.372787
179.385570
363.635346
-744.220079
-795.668740
-82.023437
386.582183
-834.524196
526.997066
630.051989
-926.056139
712.747104
-679.453889
-428.159520
-694.216805
-289.844857
799.941005
-413.960909
179.486822
-413.112707
-186.639575
-489.011283
145.480003
590.541186
-843.382937
-123.189705
-173.794364
174.228038
-653.863788
706.723729
-266.425995
933.842511
-877.530007
424.776884
-502.233339
-583.460829
-270.262789
-926.769778
-560.844009
-312.038360
-576.679519
569.332044
-385.855054
3.484398
791.733542
-650.543474
820.973845
204.214273
-547.054723
-563.651310
-721.377440
-234.591104
691.379124
813.152332
-153.224148
-922.865696
109.756526
-600.636794
520.082618
625.135343
-612.146023
984.762966
882.050209
-497.191193
445.718221
472.158860
-34.810226
-92.536539
-256.953420
-854.905205
366.459670
-766.740379
200.974974
393.341136
662.087422
615.879582
277.796583
488.349670
946.026648
420.274185
-884.963580
464.707975
-241.634839
-384.675806
129.584502
379.540857
-728.795347
-601.136045
373.776618
-333.701854
-700.919517
586.744043
547.846578
828.671671
-906.820704
-674.085827
-910.324666
117.957980
86.685180
-384.695279
-371.994548
795.455206
-396.421308
-701.092206
739.531547
-90.149708
781.879460
310.810254
806.911483
864.529356
-845.203839
-588.989960
-894.106578
118.237764
429.832012
-911.637182
389.076598
325.883908
-843.543397
227.130874
577.660503
648.593227
495.070695
-711.160638
-289.102261
-464.533560
-932.480615
-383.337292
388.651873
958.843055
-958.768594
335.812051
882.589265
371.007234
47.480934
425.661516
249.816223
830.860342
-638.683348
714.639495
527.345432
0.563639
157.242997
-78.806482
947.692294
-822.824327
-813.751943
901.418070
526.036651
-627.199664
-363.422648
234.057078
330.677795
179.332118
85.742014
930.867146
-269.252104
-401.859065
-622.188270
229.878246
-843.980337
841.518416
-880.131576
-576.612521
-486.814335
390.739917
-675.735525
335.995164
687.878473
18.395649
-746.518405
-656.210164
15.455068
250.990438
59.641473
176.494308
948.318401
-74.405812
183.585661
649.669306
858.979200
-267.491412
-471.740084
357.835342
122.696254
642.791775
896.078577
983.647899
545.973123
472.465068
783.398126
734.357453
-582.985805
-252.065369
465.376383
-997.810917
347.724762
-27.237612
106.181274
-920.170310
539.669106
560.807625
-304.238219
814.434285
-141.311742
-902.064739
-920.773663
-685.652918
724.405868
252.685841
-300.570776
985.685242
-904.100294
-518.981790
259.090474
-872.112134
113.047650
730.196588
456.112066
-439.001030
562.429832
581.192431
251.754903
772.480836
837.612549
636.868943
-648.959629
-239.242338
-322.605741
31.023036
-113.663476
-679.215178
-235.726718
156.331402
-586.025331
-677.656062
447.148776
-689.444956
616.455093
606.715276
-5.734234
957.311402
183.548901
788.130804
-760.798854
322.342010
-131.963808
672.491867
162.082303
-829.119778
710.994113
-604.526573
408.611180
510.783783
-596.123719
-691.003547
771.639561
630.661829
-555.354178
-657.204920
-613.458440
-322.225244
823.314778
-523.515902
-91.512528
322.743615
-472.844502
-824.720731
-331.033304
219.900948
-868.884810
522.394591
-901.069512
29.308295
-583.601556
-484.894337
-633.695388
-243.956875
379.681217
586.993482
496.034440
770.413328
-655.761483
222.404847
-570.090888
-765.539302
-61.683663
422.456666
-397.826631
-21.735151
361.117071
-248.251809
537.529205
76.511106
115.288928
269.933985
657.515842
-0.691160
-416.461375
-622.519556
-742.706726
-337.582614
350.212650
-13.911380
69.835807
411.555467
-355.376522
-348.531970
857.231999
664.360238
-193.421055
-451.385838
889.701036
-760.305270
-927.325283
-734.122058
761.200738
593.309286
640.419597
-19.993560
124.965532
197.418077
-334.784978
100.992364
-342.486808
-386.570498
994.235817
678.478110
-343.507611
-833.460842
792.282622
15.671050
-22.200901
-370.853804
184.842428
588.101469
-826.465262
613.705644
-465.491942
-442.053598
-751.800508
-681.132570
812.074065
-970.729293
213.763151
-996.410204
-796.907869
-700.613622
-405.011184
-309.978944
474.374608
-4.886941
-873.734725
-511.321292
-80.400168
-41.607793
-522.839161
770.504066
-577.799528
-504.526404
227.576149
974.780743
-291.397936
821.473334
-63.998750
927.088198
-337.712659
544.622162
-412.417171
343.232085
721.947140
940.518812
-551.099508
-130.302606
-475.621236
487.321751
-189.466162
131.994527
-22.040557
-309.374577
423.512496
-868.897918
278.846549
865.496721
-287.037209
-929.305800
162.522380
696.468452
-945.373817
-170.449575
-799.626917
-435.820098
447.587840
776.904265
-493.778772
-737.323126
319.875960
1002.655556
611.233815
-976.326816
-195.248696
-91.035079
-47.077073
340.520573
25.556100
-766.027812
-639.824998
695.681261
391.342615
236.755217
-691.711649
462.610796
361.553572
-189.416933
-23.766514
-1002.851121
866.899705
-807.266044
39.460001
-523.847390
494.706777
531.008641
-157.495658
-501.422002
-558.546659
-461.540848
-912.684343
221.025842
264.812953
-954.154198
-761.875906
-52.585944
408.166282
-112.917612
-99.029654
-809.454250
634.444246
-661.815213
-683.745939
806.662391
249.735090
419.261011
-317.881198
-885.880086
-224.637308
519.591611
-314.832786
312.720519
-447.198965
-766.713757
-817.076718
-96.053231
983.884458
640.403344
-304.154049
-146.569110
36.663427
241.477747
698.852152
-22.365336
-55.072168
-225.171506
-751.811506
962.508875
-809.119056
-196.813583
-738.023460
289.026922
-197.588751
-984.618048
-191.116852
-721.213329
42.281951
-689.827460
-917.485972
478.575193
210.156405
-152.779629
108.560072
191.864711
450.564201
874.629061
-582.217078
-565.211119
234.900067
475.186309
832.686668
577.504305
652.363286
880.458462
-546.644142
255.012822
-874.168894
-291.302153
127.055317
208.417717
-210.405029
795.228902
-725.713698
-224.326704
934.456094
758.821832
-904.427953
214.987934
42.145130
784.701506
-680.141153
-648.671569
20.813337
-910.002004
351.790920
-366.773959
-468.751479
605.946108
145.923992
236.439777
379.961782
844.154736
658.984550
497.532066
-937.262238
-833.733916
-607.336378
885.830437
-867.070566
-59.985160
-204.684751
-492.012101
899.583451
936.525039
-23.869169
477.460112
852.615346
489.889689
273.380498
322.982076
-39.696550
-529.118618
-687.263199
-28.983210
-860.453027
-561.643816
556.539065
131.999017
842.561031
-233.843392
-833.017463
753.504317
-561.979347
-883.612461
326.413846
-72.748198
-452.688464
681.560641
-529.906909
556.469913
-275.983314
287.352794
-187.846186
-462.196917
877.352253
638.318879
-983.642309
256.581006
137.723218
-408.109725
992.593909
-204.349769
-668.980553
390.219296
555.321094
-262.685757
408.405487
785.335700
928.024402
-209.103218
-336.254136
-877.435159
700.343701
51.137458
-196.421060
739.005421
591.665799
-135.897914
397.082820
-756.051222
704.242723
397.861321
649.811613
-90.890236
-46.446638
811.840603
300.656098
-555.934566
446.561731
-770.651729
-636.391117
-768.015487
-570.763977
-357.964457
451.826144
-898.202534
859.531338
145.301200
-873.217644
-555.293914
-321.873831
-376.756283
-894.963778
-491.891087
137.776719
-52.318768
-914.998687
901.018333
-346.416288
-173.137925
198.067851
104.014087
-692.412766
-451.875915
786.160983
2.428819
-854.418766
-62.655644
-610.798447
401.366979
-718.320659
202.713335
-88.650393
-737.415936
-498.506494
628.644084
-881.169272
-893.470275
-176.406133
-454.319428
483.135447
-681.256804
258.031306
913.639539
-509.234710
278.099218
970.764503
-886.982715
-219.695955
-183.744595
-339.464524
-24.079786
-779.901951
-12.968371
-254.414738
-387.020000
-50.648710
-735.623360
-878.907036
275.598663
143.127114
602.547398
865.874038
283.325698
385.762014
139.089616
325.161173
-820.363172
-419.249978
465.522438
531.918729
972.261956
-870.906284
366.736560
-758.886736
-738.011158
741.218681
-69.252591
832.713762
772.581790
564.707549
-324.949041
2.676904
88.363908
-900.748274
-247.238821
133.703062
-168.738845
324.243725
-471.842056
674.326088
-325.914523
159.376952
445.727619
-1001.063386
-465.169124
719.797608
-310.500775
-561.970171
371.279616
-96.555062
-192.104256
911.005489
906.829952
618.723766
-553.374791
-468.314127
919.734336
-321.124512
-619.856410
655.873129
9.330759
638.396632
-584.415489
981.211659
81.285531
-955.306992
-178.217620
-777.662546
-901.162417
237.967015
-58.112605
339.120552
63.094753
724.091395
-402.193420
-361.107791
633.033978
-494.254701
-641.386603
-640.909909
224.387261
-736.141235
-996.102125
511.065987
-968.055247
502.746408
400.558218
492.423606
51.730779
-423.914201
-211.673291
-692.691764
-513.209270
610.115692
774.316490
926.226676
-411.471183
-780.783016
715.979473
-362.596783
-92.569341
-94.393995
-885.819360
-197.740801
867.422319
656.572051
933.358712
98.236596
825.541018
314.853829
304.266897
417.359187
898.371469
-737.250260
-162.712199
500.741913
623.297781
-803.626910
-829.136596
-890.628833
-191.444715
189.534168
791.864430
962.998546
-304.847206
-759.620505
752.790402
152.535611
-383.623426
-708.173729
552.087981
-846.939144
-582.155670
10.891490
374.248082
-259.446839
10.237940
-494.304053
874.187782
837.956091
753.096401
548.069254
564.317460
-697.013921
510.703904
607.071264
-261.847641
808.123251
-461.313503
15.128050
481.970033
-620.987241
580.240469
-867.005140
159.741459
717.006988
213.571899
-512.428347
820.066774
-554.749497
-768.628081
-15.367438
-147.143656
-735.522798
552.598139
-912.972908
-99.683403
-688.185967
531.537225
-321.347014
104.729789
-995.755704
-198.281998
-939.120774
-757.105184
-611.185254
762.885063
-809.022902
-602.549636
954.787712
673.193280
-250.411804
888.615060
-803.925094
778.127205
914.464040
956.751820
-678.722720
-147.088062
222.466015
110.136710
-585.713329
29.694286
-415.054915
-581.109164
696.391790
-747.554321
996.790173
11.978075
-215.588961
-754.372838
-724.145743
922.205621
-428.790743
209.153255
-121.118150
-416.810952
-769.802985
-114.317018
943.497461
812.089732
672.400219
-207.343934
837.056214
441.817488
566.922994
811.244097
347.886299
429.513046
462.941778
991.564939
498.543507
39.745525
286.962293
-672.536848
-847.543621
-487.898922
-114.437030
356.552827
616.924121
80.752903
974.162429
333.019137
-347.494780
-663.632794
640.906398
682.995258
-580.449566
346.596439
99.062761
661.177526
-937.329420
-585.180986
-59.208693
-814.786520
930.582779
-89.784564
-577.435781
-288.048477
948.145718
-803.500561
401.377622
-847.636423
-281.472905
931.645162
-47.446884
835.544775
-163.772745
-975.408681
-110.840045
-288.334946
664.341319
811.998192
-554.143429
-841.834991
-502.920398
783.565818
-587.045226
-390.239720
-483.873231
-363.216348
-988.644277
265.485191
-344.783183
-667.012273
-351.433096
-378.261957
-798.818129
-575.296888
-780.917329
568.091496
762.834498
325.127698
754.803411
-943.417612
990.633932
-28.813738
67.484743
225.423619
-634.607388
-460.069990
936.800910
159.346434
-769.651342
-315.832356
220.782564
452.061600
-83.039573
-754.665586
614.374834
-557.397841
-664.760201
856.827715
-432.120973
-336.542805
520.477922
490.968058
971.907993
827.564466
62.955620
-242.323659
-331.461753
-790.984590
-153.101040
-809.194666
265.368704
571.048526
-205.312191
890.040588
-489.270251
-396.071863
-929.004200
575.521571
-794.730019
-370.586877
829.131099
975.549626
293.942542
507.131608
101.625401
-759.931128
-103.305140
-14.984375
685.097135
287.391572
111.433971
-420.403729
-990.100313
87.890006
457.053849
300.257188
504.306237
877.949645
149.537177
644.779640
366.622431
-696.773885
878.330598
-552.893001
904.023476
114.798103
164.669492
-250.118969
-174.515312
517.511791
-951.245053
-14.217485
656.847880
-444.832372
538.206195
-678.651730
-484.911700
-162.381374
