10 10 10 10
534.515946
554.991290
-312.543716
802.095688
62.205095
651.843835
-132.829078
-337.164759
961.376233
-634.274777
-437.221963
-610.167461
718.007272
-133.371077
561.437307
-29.111362
-219.459645
-75.034877
664.668234
-368.411195
714.080708
502.321604
665.609842
-732.516476
588.413275
-137.951869
-49.393198
-226.227536
-381.910760
-769.594933
-186.488225
798.604817
-313.720730
-431.868357
-308.504451
31.537003
-601.417409
-193.419874
-332.507842
-846.017324
733.741034
571.054554
-514.696636
-875.262632
26.425739
987.237261
863.078686
306.358256
168.298747
-235.494102
448.950776
491.452392
685.918857
449.532668
-601.457003
-411.505938
153.912214
-719.760627
427.655468
-271.657144
750.022607
99.143128
773.003970
-386.568761
-962.852981
184.534404
-538.022689
483.086789
-96.723712
692.806170
229.245437
910.643359
899.327078
-288.324114
710.292123
-419.034694
78.987693
616.764286
355.221043
689.072128
840.944842
-43.938648
93.031118
942.436881
-723.341637
-813.603600
919.250468
-40.797808
-722.308809
-913.447387
-705.212396
117.795144
926.237993
-608.485163
-188.228933
409.573472
-59.529593
307.089481
-37.753251
-795.044044
-608.451563
907.028130
-31.230941
81.429265
-540.127009
-431.694152
524.516010
-748.557275
357.318137
815.375519
-469.084103
95.345319
-652.572456
744.278898
-80.995362
258.243061
42.569192
-881.684479
-451.489434
-599.246112
368.332914
263.953481
652.625659
940.664922
101.902968
34.949096
455.123533
-84.696420
-118.481312
-86.682074
711.508491
-460.096452
278.790193
-32.686614
-629.062667
-721.401835
-911.886217
995.831143
294.976113
-120.079635
636.869468
-71.511499
596.080267
-628.704913
-394.776144
972.629268
-860.038907
-823.610649
110.164196
-403.959839
317.746742
-400.450286
-269.321497
213.754111
-869.972914
977.191906
519.924140
-415.993955
897.166025
-642.485439
888.298134
-559.255269
-896.865203
-52.754327
-960.838630
-730.575227
-171.107727
810.641792
-449.952084
-642.579735
280.001758
566.107322
-649.993420
79.254020
114.094104
207.094654
65.188035
-458.085070
-447.407640
-166.241999
-817.587902
678.122121
-78.975370
-305.929870
-910.742838
135.471127
-770.662942
-9.290705
-927.201806
-649.250015
-209.529298
-79.721731
741.105323
202.147602
603.574795
-958.244299
-259.471414
288.038787
414.373982
308.625188
-693.046712
143.763119
964.813965
561.879076
834.377434
684.255639
761.482884
823.256066
-421.500056
-663.857705
-760.802065
-782.515577
31.360906
462.270522
643.984983
692.183296
-364.905660
-940.616347
389.603948
400.081628
415.168833
-211.613551
910.021403
-459.284405
-525.403642
-397.701785
121.458007
-307.590184
-200.755496
983.477170
-302.317740
280.449418
675.951653
-495.034332
-169.523981
262.031202
-884.568718
830.421265
408.771384
129.500859
-559.356718
730.019837
301.022575
-215.409792
358.732648
-180.508182
-278.531410
68.607832
-156.218616
300.677253
715.497715
-751.880889
954.074323
-784.304468
-731.459651
21.217496
-268.538187
881.076197
461.032157
-558.179132
-904.455151
-318.004828
-170.671227
-766.413849
-183.335729
311.632389
944.386806
-260.378663
-379.540923
96.905533
579.295743
490.135205
431.671816
580.466506
862.490158
-376.245014
-283.716955
451.044528
192.685728
-299.946957
-656.729852
226.092963
887.825450
238.964887
207.082281
-728.932045
-861.661009
-990.965642
-726.964237
287.976836
-4.570231
-266.869617
-551.791481
902.629419
884.943629
949.502556
214.508692
479.041021
-825.147779
-584.314826
-863.040128
329.439690
203.160476
-149.053925
800.410705
449.128815
-263.033105
-333.915123
853.694673
635.872402
-257.300582
-654.488311
-418.360715
134.084636
-731.113086
-46.880629
169.199552
49.525510
-304.714782
-305.774768
742.996528
700.900785
45.236688
348.677286
574.322377
335.450546
-871.687408
-536.544535
-750.831614
-942.890355
226.538241
-414.555509
-841.219619
-274.807903
-346.858496
-447.865889
-684.468471
830.317027
451.345925
885.065770
154.714639
681.400386
-113.803266
969.373803
583.642601
161.116759
728.154204
52.044922
-615.181307
-348.417866
-528.795254
-182.160342
107.452267
160.330298
-896.297727
65.793305
84.018620
-676.510002
174.012497
387.629783
-724.981801
929.760793
-472.374561
529.677733
-729.458345
-913.214127
952.177895
-760.820318
-747.365281
-276.866765
-653.967858
-328.036844
-835.063216
785.257155
-825.330124
-586.613646
-242.048458
-556.473606
-730.137468
-919.147391
-535.999340
653.920861
-643.528302
-956.170483
799.801137
379.206970
963.380645
450.018005
-678.752463
-240.948631
443.954275
281.457659
-497.342076
908.210066
903.445226
-624.035625
55.304691
-707.690299
-225.682064
-103.499791
-32.235122
456.507374
113.307570
985.630155
832.763229
442.885401
819.766990
646.783517
-398.180760
-109.210274
708.615083
-775.814309
-510.527268
943.703211
897.972824
441.051645
622.556650
-56.172842
-935.668680
666.003542
-950.787900
-666.059510
967.603171
-494.077748
199.701363
265.091159
236.425144
844.334280
-130.719613
-577.576477
-360.065418
-286.411600
-935.845027
-535.574609
-238.669286
-977.575594
-792.922666
-774.781477
-298.263379
422.784357
398.810639
-512.679956
813.394680
-445.339278
870.206634
-576.069031
636.779150
47.219436
-451.149444
611.569539
366.046235
254.455996
-617.246781
-220.985601
124.660295
935.834248
-4.793977
75.141808
-276.850266
-264.082519
236.051577
195.307005
-196.266770
-414.806444
253.789013
-34.493038
96.058539
-571.241924
-899.418770
30.928938
-698.010846
-50.639283
158.064421
-226.430582
-793.357136
-875.706270
-548.527461
220.094893
955.957993
78.578176
-420.763896
-701.953353
-859.004816
842.347583
-928.413472
158.348804
-446.092663
51.872413
-834.554578
351.209834
132.692578
222.662938
-16.778788
365.363235
435.671698
-703.881233
160.746358
-234.087810
-105.499384
-924.128706
580.920357
-453.733048
-750.995719
633.602648
-241.089596
-444.635413
-598.426417
-211.084249
-586.950214
311.116980
-193.002347
-90.113058
97.899265
923.247009
492.026378
-14.832346
-972.636661
854.397714
635.734830
-685.990534
-267.743588
-590.248572
109.451314
380.741044
-256.200473
474.776809
-972.699080
511.001394
-741.160795
662.074953
139.032176
-169.594469
678.524266
625.248390
309.967873
623.306876
-274.790420
987.912729
-797.888925
969.941217
-418.093723
299.242100
704.857342
656.440771
-270.167747
384.864599
-525.781231
-966.706729
690.923234
-53.911094
96.973332
97.653227
429.677108
202.798687
-869.117069
-904.641177
-609.333170
49.134968
55.118363
-427.465382
144.875847
6.820740
-361.502578
937.364353
-424.186183
749.335764
-574.545714
799.168739
-411.324772
129.068367
372.008976
370.515109
-725.866848
-183.947494
-283.841623
652.004252
-42.437696
-790.789867
968.484973
-295.832586
-429.387125
774.039487
-491.823656
-168.320764
553.225862
-635.502774
-731.277126
-683.137952
355.318362
-43.362298
-51.675675
783.828596
146.809630
-834.793714
-655.799065
-453.227721
-812.701787
212.019974
148.914330
737.613330
-120.750176
-946.974977
192.230215
368.844862
167.147901
70.182171
-191.879303
257.291436
200.470632
438.002753
788.981957
-556.916267
123.337082
124.352502
-396.382884
-430.175338
-855.575687
-672.382634
-468.571106
-159.641995
951.162984
360.515244
-108.553792
226.654253
-928.183252
-808.972498
680.621246
829.346705
-424.648037
400.135255
133.622617
531.385166
-634.620374
-415.191043
-883.401836
-83.556762
-856.440702
-363.718336
-758.561158
492.979274
65.167897
634.761549
792.046032
-358.969938
610.383772
-250.057468
112.848660
-618.436538
-240.912670
170.372352
-381.335140
-578.206187
482.325502
128.859024
388.791842
-474.614597
-45.334344
-922.482108
-365.100850
-630.722893
51.976795
-122.245187
125.702145
-224.313025
-909.974815
637.341919
-864.845008
-49.854219
224.604562
-966.364694
-898.973956
488.617828
5.567040
247.051773
-627.594529
372.372006
-932.554998
-598.997570
-96.165531
19.171970
629.422941
418.535207
344.026255
-943.760620
582.622190
-624.468044
28.919142
897.112873
-457.429469
223.897437
921.808051
584.268175
655.412496
-949.597695
-219.597628
125.365324
781.105037
-386.934949
845.690318
139.761095
-182.990196
271.473230
-307.194308
-777.747107
-29.682891
378.279170
-691.921706
234.450455
-863.900846
114.646867
-893.810761
866.205171
-783.865755
-760.746210
294.588362
-354.185320
-26.109274
-563.037599
746.138067
-330.011186
-147.297951
-332.444386
30.677375
-550.194322
245.808219
315.637672
676.247978
387.112235
-507.352315
366.168155
-557.846644
-575.553134
-625.741799
459.599142
244.877760
-917.435851
682.066803
510.603128
573.352431
293.958122
-262.737227
525.794979
-250.204327
-330.749530
-936.268903
-81.571021
-530.411293
-540.807192
129.150807
-285.759564
953.975410
338.998064
623.914094
179.054309
-718.150777
-632.980997
849.707540
956.265479
-570.180340
-615.412196
-783.966070
-951.130888
201.377870
-754.723227
440.014435
-276.568939
468.456694
228.123185
-689.231627
-283.390704
-318.769951
-914.810326
-485.282455
-973.946198
620.054574
298.812796
-944.175246
-944.987909
-642.949637
15.726154
181.140422
-315.610473
253.728581
-116.070064
8.258716
824.753564
-76.922276
612.320797
-856.876612
550.097513
-805.288319
570.044447
-763.805850
-379.815732
466.917968
843.232722
29.434019
106.202007
-543.154268
409.568298
-710.910856
921.189435
318.252397
906.705782
780.157813
400.404847
-271.148553
307.605692
622.952955
189.397687
-650.981815
621.630277
-588.735928
-543.278105
-63.116857
4.653467
836.795253
-291.967536
-77.717843
-400.655600
-807.267914
905.784307
-601.599983
-897.912187
-762.515943
825.084665
-413.707315
-206.312417
408.014388
825.627222
-243.697218
311.331737
-674.953566
635.612983
348.695131
-912.024866
268.315288
-207.844843
-387.907114
435.051994
410.227212
549.154257
958.038426
322.571931
545.229523
240.084731
-370.143482
809.753458
-433.525116
-875.930689
-179.971441
-585.069171
-726.624016
179.960770
-447.936221
-119.468343
311.573663
874.653549
-463.348956
-119.506021
-708.670370
-283.863333
502.412421
596.363608
-968.316036
607.894008
894.877945
-313.943155
213.679768
-99.425269
-582.490688
945.976248
-780.083192
-625.472962
789.125005
808.087173
22.721620
563.653134
-774.429946
313.306639
-803.447963
449.315880
-61.012027
179.589765
872.447307
-727.714624
-332.990980
372.854513
-478.548688
115.131683
110.746549
771.114501
-208.332380
-624.423958
-778.306910
930.623635
655.987450
405.772016
-512.579020
-694.424811
-747.741558
143.231269
-932.758939
-171.884066
886.481182
65.722579
-908.738558
588.799594
814.861226
457.255047
522.776569
243.095719
-851.878307
585.527538
-880.163497
-163.988014
141.094608
463.177088
-708.453222
-323.521624
-596.148118
80.232744
-603.544849
-219.894385
-753.421402
331.027843
584.817014
873.778737
-710.392397
360.375022
191.511493
-168.771775
-145.008665
-220.936574
506.143156
-870.015671
728.464268
-916.615907
529.683238
-703.777654
-38.452435
403.606543
986.634723
943.054659
-444.409331
-740.067520
692.020418
401.187505
-86.342357
708.436234
277.516854
-474.501855
917.044740
-761.776010
-200.573239
-79.875541
-576.550476
117.387279
818.134680
973.452697
-742.099055
-418.895040
-955.319517
84.390008
960.961556
378.316538
140.671502
161.569840
538.780950
-974.674398
62.544817
896.258944
419.276196
-933.134092
522.066866
-975.604188
644.860005
-848.962040
908.549898
147.627006
744.531033
605.893944
-305.581127
-499.723121
81.028748
-274.065491
-703.479786
331.197375
302.415301
-954.616552
103.558709
594.110168
-493.645654
-701.090060
483.763383
55.650002
-524.876405
-825.824814
950.243807
-186.682740
-80.108572
603.486688
-268.910200
347.416161
-922.118554
946.094397
-50.399056
447.053749
-416.848401
-856.743695
-355.435246
407.165676
590.338079
140.756573
796.141333
921.279344
-578.272518
340.598392
-596.529875
-778.816046
-848.610144
-242.318808
260.309310
-530.212328
550.955138
-94.507618
-678.791615
122.858514
834.492279
-539.005252
-211.015864
-589.200702
379.394410
-261.417311
84.862099
537.241699
-891.910482
-430.691630
-40.550604
380.310527
-381.050240
399.622288
750.463994
-265.103977
-370.980347
18.267499
-278.444251
621.291029
5.841192
-805.102241
-839.494163
-288.599570
-816.277770
258.774188
-988.746250
-107.053249
-285.985167
218.583267
-525.749063
679.622439
-480.202120
-986.264487
714.183412
160.592990
510.769369
-95.174290
410.964491
816.709757
419.833644
-9.915121
-889.947360
583.839974
-478.578084
669.199027
639.540624
580.537181
-313.227865
-328.294302
-687.601304
997.367899
944.163308
-838.325131
376.051607
395.951673
755.761980
20.458364
55.323721
-768.526939
673.433068
-342.288325
189.723402
-60.388205
374.025556
-728.979058
-488.654532
-288.527172
115.182264
-712.442265
-193.141765
-976.154206
-929.379045
430.969578
122.185585
-936.109431
-213.713207
514.875404
-237.110572
-383.726121
-520.096477
504.943389
721.554175
876.299100
86.322733
934.226155
619.919217
283.174271
-615.103644
413.999512
-182.169479
-658.842992
11.902074
843.052331
-606.406129
-48.109056
307.742660
-418.751199
59.340622
777.781130
-498.787218
-686.467648
489.415253
897.653652
0.544424
36.427105
-75.675298
748.099029
434.015391
818.117414
857.781111
-927.481365
-667.437714
-61.406529
330.794698
993.106803
-779.318267
-703.800167
-254.973120
-755.131482
-105.771170
229.907056
-277.033644
-321.758065
184.198151
-560.887003
297.524518
-101.299929
917.342269
307.789581
872.333096
950.670187
798.117635
-554.698450
-524.143960
-39.917924
275.202590
589.177854
488.582777
-552.060999
772.790222
-668.385979
461.820549
-803.280158
38.241429
-892.214398
-34.287621
-333.137797
-630.246147
633.728880
-411.316771
-804.519183
-535.843547
924.675457
-51.216307
499.006186
97.119304
-510.944642
-411.546060
243.523861
-227.244189
-239.571649
-947.039025
-2.312408
-924.083016
817.393227
-787.662270
-323.027290
-187.135473
-700.670111
-282.780490
-59.560253
-277.396193
-686.519799
72.909300
756.000444
802.069533
842.836223
-335.428574
-299.146550
987.702003
567.123804
