10 4 4 10
558.252276
-505.281821
-744.702033
965.715795
401.101922
80.017192
378.491161
627.168195
-730.341953
31.010804
-971.374858
-130.428745
-93.255196
-418.529937
482.017992
0.321538
-880.347079
-833.494172
-860.963317
17.299548
670.078049
758.701958
-148.385781
-565.485170
415.218917
-622.689568
856.011782
-687.700031
276.112373
610.492918
-749.711784
-160.826651
-605.272204
-13.579230
351.675474
-379.554288
-782.735985
-717.113108
749.509182
-208.798690
-77.900451
61.417189
-885.415254
3.400402
-105.296142
-880.188877
926.525525
629.845947
-830.721798
722.145919
-332.064878
-449.733572
-701.883132
-351.846996
265.865120
237.941671
-161.714310
16.260510
228.693683
66.652498
-48.271491
418.816205
647.795200
169.009932
961.949093
-673.574261
502.971745
217.835262
900.887729
534.369068
-606.314435
-243.671336
31.826090
-733.455984
-112.328297
-719.893689
852.196248
-133.589094
-179.788073
-20.200252
332.624264
194.040357
-561.205875
-304.715269
98.713959
-34.573622
325.520813
-400.506467
453.019637
838.469112
251.608575
-158.350776
-126.105101
-589.984240
876.059776
316.480804
-19.595277
909.038728
598.202010
310.911458
-180.541265
858.426201
342.139265
67.975401
348.813817
-193.240781
-550.069987
-577.615975
-212.904371
-508.477589
847.043428
932.365506
-778.859759
-582.489475
648.419239
216.432062
21.709366
-99.828472
545.579980
115.864823
-730.541976
607.205812
-713.712895
470.496326
-742.558017
-710.617804
186.305852
-916.012956
851.405279
749.036861
273.893965
-632.237829
379.398764
-983.668805
819.755384
-805.252125
-73.840594
-480.931399
164.962108
-725.499809
-873.273675
-317.087332
-403.288778
454.850153
31.995662
-918.830513
239.517454
-808.138285
686.684631
941.595439
652.858043
-922.507268
-460.264759
-885.435165
