10 2 2 10
173.474288
-437.277615
-989.142173
-226.313958
-747.617638
-307.202656
-608.221978
676.837820
492.525691
-110.120237
-699.036675
474.289335
400.993116
-953.577890
-1000.026551
940.052467
58.316411
717.855684
8.492057
-303.766525
161.135795
-84.481451
398.101057
-40.240099
644.407198
-691.715960
-299.671962
798.218849
-719.045483
-987.157147
-117.762071
-225.522268
-123.868799
-176.454269
745.610300
-96.850742
-603.488443
-26.826751
-995.568421
-265.120300
-680.554494
-382.117399
-555.416203
97.276356
23.723419
-149.990639
-914.927191
-246.422287
169.135337
-897.841516
-516.638278
-231.941162
-580.617496
-636.998813
-630.334242
-828.156402
600.318421
-530.153732
