10 2 2 10
268.537940
124.743528
-913.304027
670.430763
-234.891756
267.991142
-243.437159
-12.390684
-633.184764
-397.585200
649.248338
-745.329900
572.099645
-812.032157
172.040993
195.303088
-164.095582
-204.183838
-51.238741
116.937295
-149.221216
392.779811
354.130122
937.567930
822.859791
409.680358
-57.468385
-942.949424
792.663615
-811.167568
-767.685566
101.922559
-522.412673
-190.470501
742.096854
-568.507009
375.678726
-546.948836
480.562070
-510.374631
270.326358
-316.066906
-91.499979
-158.369864
99.890623
-738.682166
-39.208881
-807.384638
472.813564
959.319991
210.142606
-306.234293
-431.678872
-827.861813
118.451963
211.119352
903.270828
-987.670315
