10 4 4 10
606.843546
-120.843125
-645.851999
-641.991499
-301.085448
325.457124
463.500077
745.268843
-660.741274
-52.542288
-137.772372
364.858473
-532.169133
-268.638430
75.388739
673.911101
-728.980289
-706.412260
912.797270
-83.847223
-951.503557
-695.898125
-143.751991
-290.020155
-822.310959
464.970675
-531.106840
-444.862067
-879.614766
659.910772
-604.130128
98.755327
-150.479833
409.389289
-296.308263
252.935008
-284.693744
9.197752
49.216921
116.545928
-420.510260
46.281350
-510.805084
-867.892725
192.319214
113.802517
657.636105
-682.424017
-120.133375
449.190627
-914.693546
609.548317
-166.092178
-447.833142
-549.114276
-634.330205
807.451358
202.429360
-143.915538
32.762732
890.933038
-429.137252
-583.545750
-421.955977
-278.934257
511.230479
158.314970
176.646376
-516.788019
514.102312
922.142740
-493.491009
673.648050
-243.980216
645.956518
712.899217
550.840066
678.104670
-458.070989
-323.827121
-364.162827
-451.990975
945.277565
766.581824
-37.459383
-96.504803
510.222514
204.164154
106.632628
728.708850
688.787938
778.153101
-52.414471
460.529128
839.028631
456.929883
385.256861
-323.202745
644.842769
903.734027
419.568007
-631.322458
56.922015
37.895251
-197.430014
-866.185406
-862.775412
-22.766914
-439.557789
805.702191
947.793336
-880.212994
-774.276696
54.676816
636.179708
-856.396480
595.899152
-1.404574
-266.938013
222.550038
585.808066
-428.903329
-615.955940
-404.406472
989.236413
227.661529
-461.278613
332.953851
131.631009
-206.959651
-352.189802
-191.188614
4.901289
-446.811382
-226.807467
-70.574286
-237.417038
785.144443
-803.368495
659.444044
-720.578599
-185.866588
-556.503759
665.351689
412.070095
357.505853
-262.479314
-810.099000
-946.239687
-373.239815
663.174901
-216.741959
554.914709
-131.997586
