10 8 8 10
-609.756234
-513.379781
-236.473302
-734.922020
456.487596
-603.335401
174.386769
-985.443069
452.778387
560.175810
-885.890540
131.423818
-319.234582
637.027275
167.098799
-821.413558
-541.862943
291.671415
929.819617
25.225575
698.501388
-812.923914
-242.507898
617.364703
941.568464
261.636068
-599.207798
-580.204286
963.405720
-769.451723
-632.180546
367.038640
-65.700773
-312.395763
666.589670
-518.813182
810.336549
-271.603455
55.374328
-3.452969
91.912285
205.676302
123.561960
916.673835
-908.777389
741.981858
269.435104
-890.295664
982.717802
-535.204949
550.202168
829.017401
25.934232
-896.900230
298.976198
-272.892946
352.030367
-372.123472
-57.893654
-95.796843
138.830406
-571.148604
-52.866382
900.851943
931.697599
-346.889317
-296.751628
126.568585
852.558114
-180.283336
574.452998
298.441873
704.039176
257.827696
464.724233
286.708556
-538.705123
454.429497
354.557509
-578.713228
346.939232
-718.286147
-930.935284
406.188499
-378.677090
414.366712
-412.543461
476.417831
-487.538137
520.089029
326.456020
-395.297437
561.108309
-300.257526
44.768116
-31.580088
-395.828624
103.283643
-312.445225
-817.380886
-484.592264
623.984127
-643.909887
562.122388
469.622245
-340.338654
-464.234415
267.199918
922.752453
685.307044
-683.252379
959.965832
-683.122986
-842.906078
-926.633683
-127.769478
686.986426
-49.944700
-612.678706
101.862350
-668.510830
-773.009908
252.497662
-845.735753
222.340157
28.453103
201.512837
656.517476
186.518296
-706.524873
-601.513180
506.259165
139.671009
748.362923
1002.430626
-415.701891
4.256036
913.819461
-476.475245
557.159643
752.077322
679.142218
-286.885601
-689.526402
-694.156457
569.617897
707.803298
180.422893
228.343885
-356.083841
-432.667964
804.953846
775.098129
-922.088431
-131.827623
-450.635714
-746.324122
-823.450626
-275.588867
718.540303
978.115125
791.123207
708.705921
711.417804
-447.610668
-354.664086
-990.184551
932.536711
-73.282154
-828.112634
-160.049422
107.915361
487.835619
483.881931
-533.026793
-83.941588
-672.438467
-590.669209
-284.673876
391.363096
-770.368135
283.176195
-517.271283
733.798127
-30.929902
-914.333109
110.427088
321.772732
368.868599
-970.793757
-393.207435
-674.217274
148.139927
-506.499944
295.934399
688.218017
-815.035545
925.517575
193.010707
-993.083265
141.192993
-464.484251
-629.556691
155.373981
-7.311906
-723.633960
-609.586014
196.197448
621.934220
191.345256
-836.394889
-657.919610
-518.602125
312.884759
447.767364
-670.024701
259.895189
-361.869592
-453.774037
-417.424649
479.709674
-542.486208
-912.508759
981.425812
915.934983
144.046227
-210.768776
-158.016198
120.432834
-950.626069
451.844151
115.020825
930.792543
-853.964726
773.744451
-883.673256
-596.312826
174.771583
-345.428168
-349.050895
495.054283
403.650393
-907.451307
847.128206
974.091181
986.687641
-903.904581
184.435997
948.225257
-270.679504
-119.830024
72.378845
214.628086
569.800908
255.926637
-331.637882
654.501270
-833.119323
-343.923616
-669.514188
-118.066931
372.177273
192.540758
453.255095
-725.262183
106.135340
-126.531911
-936.533191
-991.977043
-600.074259
-397.350779
-660.025493
-515.318067
-161.381846
542.161571
-941.989933
375.974963
-542.011263
437.414266
-299.262768
416.983429
-749.041457
499.553228
453.401592
429.439522
-54.569757
376.777358
-555.033121
97.334051
405.549076
-717.818794
-218.581554
944.251309
258.786073
-420.785542
-269.022038
927.016434
-460.235238
130.056148
-657.061192
264.094848
449.953266
-241.517961
621.135646
-423.263262
286.040422
-85.986418
828.716822
714.679251
-679.666740
589.697403
109.109345
343.713798
-102.232791
28.609128
69.873589
300.775775
-670.996042
-812.707659
777.114092
381.640468
390.420999
-796.528054
-817.632787
294.146112
-94.123978
-782.847995
-138.745011
-7.503254
257.262610
-294.240431
-165.844889
-327.172978
-297.513424
-164.578485
305.045630
823.051810
607.411505
-548.963324
-247.268587
203.146708
-496.446377
894.213957
-759.678370
-377.053215
426.798446
-991.890463
-857.842081
221.205417
879.959334
993.565811
822.378476
979.111351
-698.851614
-462.780243
239.413864
-171.961085
937.804474
-606.217152
654.804809
966.384164
42.708722
-897.654633
-853.200266
-790.776117
36.129915
475.031704
494.889708
244.689946
599.350557
-727.264529
-760.160871
-925.944031
-504.930321
430.677896
-569.264808
554.573407
274.936793
-921.766050
-475.832905
940.613571
800.055534
-288.123473
879.772387
-140.300522
-155.202130
-842.815890
-154.326178
-619.759378
-7.025761
-186.041463
654.975364
-324.818633
735.781589
-35.205674
442.743531
14.322883
288.176219
82.911950
778.301328
273.868540
9.211048
146.466652
964.448776
-90.159510
198.801503
358.728487
127.372838
-815.421074
-809.893892
-896.753418
775.849626
20.295743
488.642244
-618.757358
-670.975515
122.404291
-356.573590
300.189443
-662.427808
-514.644057
342.399302
-859.929062
-703.161390
919.244606
-329.670087
-640.067290
285.278664
-213.383084
109.931459
699.948843
164.784344
15.511688
240.315586
322.763555
426.999639
-212.663658
-616.821361
202.772250
349.898651
909.978648
144.169702
-616.733727
425.076679
877.308738
-170.734632
-168.041505
-144.249206
697.283798
583.016167
430.551346
564.188413
236.849121
691.438189
217.455565
-240.068838
-190.021566
-995.475720
448.223377
570.954571
-855.878671
-560.093404
830.468507
-261.381189
-875.451166
-414.332585
-347.174475
-679.335138
-530.562418
585.946969
-430.025457
-890.027061
82.198254
-270.600387
223.903164
932.384851
704.303654
-717.636942
956.110472
770.206118
-978.813356
659.198216
511.778493
446.246931
993.112426
-22.881762
545.907648
-478.420456
-362.590461
-577.980277
49.137738
-623.794564
-521.037724
-700.773649
-362.563898
-811.230964
587.739495
-702.322934
-535.750644
209.036397
146.501282
788.292535
-154.988252
407.969145
362.964941
245.049727
-918.544227
-480.356091
-685.479278
-758.054052
514.768998
651.400568
442.093959
-221.862916
-460.687174
710.306777
-739.537212
688.165123
-175.282204
-363.794980
982.981328
531.764435
477.316720
-880.334834
433.406815
649.540668
-873.487623
-357.047971
-725.078746
-11.766608
827.699515
-333.167385
831.053533
-604.880098
544.043802
-797.141622
320.878123
-466.918870
157.794270
586.851189
-726.174285
958.399712
531.257437
-788.672620
384.134450
-90.705700
168.286131
-273.789211
847.171816
-899.771559
239.479332
-795.251150
416.335389
934.400165
300.211300
-543.047827
556.444902
-40.386566
561.036692
380.342723
-129.677759
-35.130077
825.212636
438.663059
205.314772
-737.947017
463.160993
-690.530632
-678.439059
378.453150
-107.051005
-363.584314
175.368477
222.977501
-647.441272
635.644623
-919.417547
-206.719154
-111.713063
-735.517130
-40.295840
86.112250
780.173504
-182.813368
-272.657086
953.028062
350.651640
981.008073
985.690564
59.066838
673.393508
-407.251082
-610.123001
426.863337
-195.089439
-930.327486
-794.013065
-23.971807
-658.281850
899.434176
819.633495
201.198570
20.003989
-898.428575
645.407409
-891.588321
-857.931690
533.093173
603.448516
-7.403234
564.801903
679.295109
-790.376729
253.379410
-695.299192
438.330569
757.465431
-575.933555
-992.575794
77.044064
993.444571
789.060661
-201.906253
-473.288940
39.195624
924.327004
572.235170
-585.104935
-748.833288
945.157793
-672.912393
-404.905019
-928.334201
-26.082629
800.200141
917.625089
-582.342928
399.876081
-509.843946
-79.337923
-480.042021
-195.066166
-881.327867
682.164165
-732.378969
319.321832
247.117354
-499.540913
-938.270948
-889.257831
-677.160451
349.679883
119.301868
846.339454
-488.585972
564.981422
271.208763
-736.606600
-945.751728
-655.003219
-668.142816
-476.593477
-195.666575
-250.261994
-808.405587
462.877906
959.067514
-466.578763
-947.925803
-249.206325
-581.867953
-15.844734
488.311688
107.965210
-557.893606
870.785776
355.615259
-289.500330
375.485438
618.350357
85.059111
894.909258
