10 2 2 10
-988.843037
240.727398
-371.968364
-484.981269
750.762982
-892.809390
762.476050
347.937224
895.938547
450.886065
129.862435
683.781407
271.158846
230.241534
-349.341350
627.921174
-156.533788
-622.433303
-203.294616
-937.190934
7.974030
-794.081412
568.295562
-993.276032
-357.232431
-953.907239
-117.518140
-105.155877
-58.396402
-574.493369
-942.162529
-140.653750
-463.710853
-252.133592
-991.820531
516.707068
261.444048
-524.807985
-880.560293
-269.795246
-708.892629
-828.659987
-807.675135
-938.596034
-23.871009
51.840215
-318.560322
-245.009859
496.017376
-976.705823
313.301021
-176.986674
-611.533998
-211.706768
391.290133
-833.791662
-112.053058
-797.142626
