10 10 10 10
-285.826185
-891.158610
527.055631
856.987714
5.163234
-716.461762
440.833753
-762.905529
383.373712
133.974958
-484.246871
974.411055
-670.246513
-551.620156
-682.116616
556.113737
-26.202583
684.310329
-896.875186
81.419392
183.529089
234.466848
-510.413927
-680.681669
701.757580
-667.287391
-42.410331
-787.555301
864.661860
-296.504117
777.143958
-474.294227
-181.083623
393.240349
-263.176558
958.879583
830.847479
65.917447
-236.764547
-260.882997
965.506710
280.097604
244.344227
118.023120
-677.678188
-701.091521
-460.606945
-184.195404
323.040345
-786.946312
64.055300
379.611303
920.899899
271.642700
-62.835149
-593.846317
-204.483032
-84.576938
656.109030
988.746779
170.906223
-41.685370
649.506727
984.497768
916.847818
-903.130906
233.616459
-647.756515
-672.297132
-186.084088
-76.853806
888.122395
960.363271
760.174353
592.067839
-765.273021
-336.841995
132.406709
184.483092
37.359265
-157.949106
748.271356
825.416206
-145.165598
-722.132073
-971.860461
-203.813709
257.014576
140.592261
857.650476
712.510437
58.832273
179.222159
-275.579329
-958.261758
-402.123158
-811.981346
-767.521832
-80.955053
74.517081
-685.945689
232.646585
284.567122
-261.307587
-780.415547
-686.214999
-561.310947
-996.520338
397.039425
-974.884140
915.762722
-31.649646
180.927258
-293.489135
-837.813922
-23.970071
66.929967
-889.881151
340.346677
913.645737
282.408535
-740.108484
641.067953
-861.362180
536.080641
84.132770
544.214283
193.976628
-303.161011
-410.319388
-238.313911
158.959789
75.316185
-817.673738
882.072099
842.579392
-974.061424
248.721360
-297.746808
846.373002
374.407380
-416.458026
418.109064
127.217236
144.623120
-368.901299
-33.714652
481.271541
970.170383
-729.675118
-129.517357
-187.017078
-492.761908
-841.985650
837.551125
477.163720
926.675246
959.556274
641.974958
995.552616
-923.506940
-742.486418
-951.817509
776.345697
157.951482
596.876859
-685.978049
516.218048
915.228000
866.973114
-983.418417
-570.104108
982.640363
-977.825454
-897.312206
709.557343
-946.255907
158.043408
824.693257
601.168305
-538.797543
782.309289
125.496894
132.347871
727.700138
-247.034308
-739.443099
534.690651
-779.219257
-814.451990
194.294476
285.543460
-619.294457
331.011328
-293.050601
663.193740
902.214987
-616.099162
943.313312
404.841713
-926.357788
219.088153
-90.911829
213.807342
179.918129
-226.387276
397.721930
-167.133730
941.880299
996.026490
688.750978
898.005838
316.851521
8.368918
-90.023477
-675.214771
-590.513443
35.470550
232.443443
-134.489687
106.060330
-941.778064
-155.307571
-304.174544
-636.106774
202.273963
-154.807905
-142.888872
-692.068470
-105.816549
-726.136366
-643.313563
-938.914039
-623.026239
557.942376
-444.284812
386.256583
988.822537
-241.027827
-801.462365
132.687427
434.394713
-221.555732
914.274206
278.934710
24.764236
-644.898146
-980.199796
958.853685
-232.315680
-940.469740
-403.830557
-641.841063
664.777868
-257.239032
545.725174
173.352166
-407.811193
815.237342
448.028104
832.430326
-906.980116
-74.637603
258.057039
778.165293
-156.580842
455.020777
-464.304339
-535.427176
211.951833
-738.492247
849.022450
-427.913548
658.160416
-123.398878
-37.074759
233.779095
869.000925
-766.762308
65.983264
-853.203869
-920.386318
157.221472
815.390117
-275.917302
372.077658
-965.617315
-252.137532
-912.242255
926.925573
-417.311242
428.670377
-467.809554
-398.477498
-295.733750
903.601874
-654.803306
-809.360628
-658.562882
359.070895
345.441868
349.568514
-909.258133
-608.261063
-650.902595
830.681757
-58.703459
-948.769247
707.864404
455.472500
-712.935261
677.375921
-601.338109
361.903878
-779.368560
300.636770
456.814949
409.722201
-984.505583
-886.800835
383.510793
458.422479
216.129637
-23.510706
-398.846713
-281.127198
-305.044145
29.767611
-378.411243
915.478789
-286.600116
916.260072
95.119493
-89.805954
527.607644
-944.498228
-422.362871
-24.776462
717.421098
-570.291432
-525.753912
-264.622841
-339.529544
-941.789768
498.089967
-578.726230
-750.643169
-638.211349
-53.213503
133.792454
486.766564
-822.406067
-287.808441
92.987689
-367.441201
937.947073
-21.173933
-351.939673
-774.658321
-34.134323
-499.175616
-375.192207
81.780115
171.504261
50.394346
660.563748
-939.141494
754.485235
-596.639788
463.582523
-801.088470
919.095647
-502.948402
-980.463688
-815.899907
-58.523243
949.537145
670.268792
285.306203
-14.502113
-705.478074
730.711100
486.169473
464.342456
-722.312379
382.791565
-188.897060
833.126671
-72.075751
406.474879
-766.835755
568.467940
348.973390
631.922448
267.919387
910.567201
395.682711
-743.635508
403.482656
-820.692276
901.848273
-634.141602
696.872509
69.802853
-300.889540
-151.452674
-467.395706
-456.312389
-525.494693
676.861830
871.139861
962.130323
334.656610
-908.672038
119.119410
806.020498
-362.569224
942.194810
791.019063
535.407503
-750.506637
-135.988595
-356.063087
200.791976
-316.674962
228.878502
911.390636
-575.385688
-160.037526
-262.212650
975.292448
868.745085
-822.824737
-453.252256
608.914093
-935.363235
25.250443
-798.641327
-193.263935
-117.655631
583.426094
829.410455
221.733979
-164.043641
-820.145449
631.688767
80.411031
71.826730
383.100530
900.641411
-177.248890
-874.396609
-164.961307
-210.764952
222.876765
-15.221176
451.023335
216.227268
771.342519
978.450089
-42.943074
193.507721
488.587488
-357.636452
287.266720
252.193793
364.631787
-814.340069
421.499886
524.642947
585.082926
-67.543946
105.175342
918.336333
180.191957
-700.966961
-2.373122
959.936936
382.063326
766.167355
-73.078393
-454.577094
671.735411
559.745428
820.945301
-951.437140
849.143428
623.635111
-655.377541
559.408256
699.672117
-204.364063
-15.790385
396.779247
-394.009251
-735.164236
422.773998
-916.173355
-445.204715
471.536023
-67.911495
930.864686
273.637286
554.879875
99.950117
-60.646585
409.348292
452.029508
-568.083681
789.162958
20.093458
-233.711677
313.990779
127.186437
5.559638
-18.564956
-934.015085
-570.220264
-400.287749
-280.034573
-509.154544
-284.303754
-530.891069
-229.815140
-312.488832
-40.618276
300.584676
432.949554
856.082100
346.289915
47.953955
-504.769093
-909.511780
438.938756
-229.753572
-691.546262
-900.020244
-3.349440
-809.259737
-232.490895
902.315086
-893.241238
812.424817
152.314041
537.458604
814.508777
-549.135710
169.889736
-75.762673
-394.378345
-758.562307
673.520221
-281.627196
-666.596900
468.986751
-13.784386
217.743160
-169.513736
-178.838327
-136.996611
201.703600
-195.115728
-803.639121
679.359089
-143.521124
-217.536532
901.533040
-662.636556
704.377157
357.517221
-387.120789
-446.660189
910.088973
996.365418
-15.472345
-266.918037
-123.213725
-799.744315
584.899743
-187.047860
-32.994295
514.778252
537.779530
455.777642
971.333713
-19.682507
-665.831179
-207.825585
-235.985666
779.935895
846.749219
-782.888961
-558.397303
-605.492743
-154.803115
-263.087794
-509.554990
-544.751442
-280.529715
-893.371574
518.509095
669.370289
-121.963716
146.931877
412.321822
-21.246936
-511.017784
-779.389135
-953.312867
-763.404686
-653.488649
998.397974
-330.763752
-262.597668
53.299915
336.668138
727.436142
308.089357
220.828986
979.883565
44.371381
14.775012
998.603760
379.764481
-347.905499
-340.546342
103.835708
-238.307734
-545.963551
-982.852032
816.563501
-253.937415
-328.593284
-420.161642
-53.422503
-90.087331
-467.786274
120.176966
913.393513
279.655734
386.837774
-716.745053
-797.337902
340.092412
-210.212851
252.131133
319.180876
-269.220006
584.295374
-535.663623
-214.731557
-479.529617
843.960115
606.984044
-544.864155
917.866561
-765.274228
-401.419618
819.410993
334.972941
-40.386935
654.125155
130.375889
486.931918
-507.863520
-717.370598
-129.226648
-32.489162
-172.333179
-803.426352
-774.165594
-902.144249
-158.907477
635.309475
-724.506874
854.512350
-787.407883
477.798701
-26.366056
-939.289404
918.032139
648.552774
372.239445
-500.407698
214.780168
-548.159699
-705.839877
-517.690392
-86.287647
-307.889725
126.051345
-608.621132
-497.095369
-724.600280
661.080956
639.773808
697.838795
-81.697633
-531.878508
-375.483014
-613.853606
903.587105
-817.709785
-853.487382
258.036743
879.612533
-508.151904
-344.391985
-660.063698
298.827483
-268.759287
610.330163
-183.775150
-577.069674
-910.813309
-268.187001
-157.265743
-710.402194
88.037935
12.472863
421.563296
-945.543522
-505.816263
199.793783
551.106542
576.091382
-166.599486
296.692110
-557.725526
-584.944152
-433.074433
-383.901963
-625.528440
-917.067141
60.766703
822.198144
-391.955734
641.115854
-21.136184
-75.825340
764.015146
983.854058
842.292244
-389.272495
-470.299677
-60.265522
809.535631
-833.495753
250.304127
886.672573
-370.042363
-565.440019
355.608886
-56.139233
407.165357
-935.675545
63.029428
692.428740
-506.435969
-815.712305
78.951574
-68.570741
342.758716
-747.931576
-706.448125
-515.734481
-266.633419
-326.742384
-873.221752
757.667666
159.170104
-295.734984
738.945652
-177.814563
-387.361514
107.564256
707.458339
512.096037
-500.374375
-389.829411
-418.945481
-997.877122
-256.368342
-497.114346
-985.969398
-12.030293
-613.863615
95.509334
298.832839
707.894701
50.105669
320.228447
-217.179561
21.538578
609.954633
832.953146
456.532874
-294.847425
806.195958
262.160904
-603.334004
845.902882
-25.100175
911.798813
843.358879
-906.944020
-664.511145
-959.087632
-996.457894
-551.929562
744.162397
-957.356889
347.260103
-838.646280
899.052163
688.695402
640.845681
7.414386
-333.691011
-198.125207
-821.823813
-133.647040
-790.316812
-878.762521
252.468650
140.279057
-350.325853
148.690414
507.087058
842.546169
-459.289606
-480.064362
495.228128
-718.360685
98.161642
567.543437
684.088379
-53.671197
569.352816
439.934986
-770.525311
719.360579
427.511106
-882.307262
640.824348
-22.595452
-371.056502
-312.504613
-750.048550
869.107062
877.458083
140.252435
317.527392
990.468680
-874.986380
-520.609226
937.351281
-694.745052
57.963384
-725.638586
-441.599649
-165.142069
-962.099977
379.664973
-893.346430
-572.258002
844.030484
292.851624
-406.546545
775.381346
710.746237
-741.639048
815.974449
971.514378
343.510050
-654.436134
251.869890
-629.088128
476.778464
-541.053705
796.814225
-919.246445
-217.443647
-915.394447
-540.044147
-913.607861
-33.054929
3.029651
-198.767098
-797.814686
969.425241
553.031729
503.379133
-255.663674
748.267779
940.208647
356.351581
398.682074
638.450687
389.772911
-458.432911
-225.117828
-140.423044
954.150025
502.932031
-931.383079
839.974664
636.920198
16.201797
176.956276
507.938166
-772.447747
712.987029
-885.907721
300.966352
565.868215
-593.935879
-583.630025
-890.625460
-511.996195
-67.891208
-480.942719
-838.259839
-469.530727
667.777695
63.199682
614.509498
-159.690590
-747.742315
-762.040924
-593.773005
761.463308
650.961378
-470.908792
-871.655494
-543.701894
-587.911603
447.219646
-703.570675
-185.672946
-315.567813
230.855013
778.854190
-598.366721
-106.051923
-194.862043
907.638818
-825.451351
163.141717
101.503987
312.551983
351.969648
-863.124484
-528.529875
893.651891
689.678310
851.250398
265.094171
-574.110064
562.893700
666.532926
-88.120283
-962.580567
-247.125409
228.166930
-390.387401
-357.632396
-199.146601
-159.286670
501.362178
482.091406
740.709679
984.536320
746.368856
-915.855294
371.158953
-220.197511
-87.106597
983.831375
398.342111
-964.624517
616.416438
-124.670832
-58.155946
-473.962826
-212.101291
-423.786542
543.843491
920.084668
-612.048091
-165.782816
-200.305942
341.708300
817.772910
-448.049591
-497.149176
973.539682
253.076909
-591.872049
-736.683977
-571.150338
-870.075440
-600.352149
-802.501076
836.977673
-19.061208
-491.998977
989.016641
-71.088402
685.133486
281.275108
-980.911793
313.754649
118.589940
272.498741
-211.272623
-864.591942
-379.304699
88.547556
732.221588
-619.969624
-521.828700
-126.077822
-620.572984
683.283969
-510.519145
785.223455
-99.847859
602.682708
900.486519
970.512156
494.202579
994.826806
-972.728962
-958.619126
-392.503184
637.570972
598.880129
-354.594797
415.891008
-253.115556
525.462738
852.959253
859.676674
677.301952
946.880391
371.283155
715.620750
-106.243293
229.705625
-681.150116
622.397886
358.693326
-473.602913
-270.874665
-143.986806
339.614976
-746.768658
-259.974910
-984.347563
658.730215
-791.183808
-521.247758
183.172593
-475.760738
-880.180860
-526.972705
-946.689944
-623.074123
-594.961473
-285.501629
312.269200
-737.290082
444.458299
-358.157217
613.163457
-977.841784
371.918951
-786.405798
627.843367
490.183672
47.739241
622.476891
825.364356
953.286761
-761.722156
354.335509
-623.156144
-642.805163
-535.459044
-952.555409
160.053826
335.652408
231.710548
871.950990
391.870036
-744.635503
-50.965007
-921.490875
-372.666538
143.947781
-922.188094
417.155220
730.667884
407.046151
-126.808435
-971.813764
-262.292210
709.580391
-824.775720
-82.294740
498.621987
286.033396
450.238794
831.904181
-71.380903
-92.322225
-36.655853
-271.224658
-64.793762
-600.419369
57.308548
225.895740
-230.547193
940.220319
-700.924672
982.723468
-943.708977
-36.518609
-0.564487
7.742092
227.463677
361.990877
-296.140538
490.210345
359.558771
929.803501
-264.579673
-517.669648
591.121829
-884.181737
574.050588
-290.915566
-148.058748
-481.205053
-400.272981
327.797019
-655.517116
533.344844
416.187035
-557.492927
-234.422421
-540.492392
-883.583080
-590.280261
-201.367812
-150.529327
330.873718
488.700172
-496.150930
530.312587
-994.571410
717.985120
-508.826202
-199.593526
-241.424683
-941.249075
989.541771
-141.454655
730.093149
573.833319
-791.055102
-952.942390
241.050222
136.390243
-680.552561
-622.257002
-520.149341
906.164588
-53.090264
392.418788
201.773029
8.837387
-95.141181
690.810236
288.050248
-522.717940
-632.188332
162.170934
-388.712235
117.486005
-410.897364
-263.588339
-657.833324
-702.512531
-466.563727
80.832325
-87.596120
-986.924098
-645.329443
-924.438796
577.511440
808.787275
-903.153650
546.817674
-726.316573
-640.980244
-244.780781
549.168991
369.920260
