10 2 2 10
-228.978812
76.150085
27.162651
-285.545071
-226.945667
453.164682
802.797321
413.051435
273.215773
747.376353
108.385600
-609.902899
-281.843688
-631.394596
-885.257632
190.073872
-75.783150
-662.663898
-599.639237
-291.241381
-921.510885
265.934213
-91.843008
960.996939
-718.572688
-784.103732
879.084749
-438.797716
-455.945858
-164.768241
-220.761911
74.884368
-937.513141
935.176549
178.214084
-826.323730
-222.100602
-501.792057
453.896872
-987.393082
-326.853385
2.405717
-921.070124
407.613546
-372.337598
-586.119944
196.783549
-856.687806
815.005243
487.062634
-237.324478
-538.391996
-476.242536
-341.272746
-364.940040
-272.148343
850.301579
-413.380768
