10 8 8 10
-392.559691
-184.095464
669.010698
738.499281
619.999685
-590.474934
-677.127502
-779.019978
548.480500
-235.830527
665.323501
-720.630262
-270.969016
741.565188
-856.172332
-128.929160
384.997632
-771.188932
125.000332
898.257887
813.253149
517.412915
-874.158607
-103.206786
-409.581611
855.161926
-718.225773
-915.295583
439.800321
-570.102933
-539.178186
902.755906
-504.543142
58.472441
949.890052
-506.772192
-55.007075
-899.524732
-124.257566
30.469506
-433.609812
-131.547972
902.010234
915.301572
579.687379
134.176301
-403.025519
-618.615259
432.817271
-441.327642
784.518787
10.932677
-570.080658
-633.222060
-622.906895
-225.028333
-883.608711
-756.653300
917.529418
396.976546
488.628247
351.200899
-909.766851
-415.302705
879.813030
677.967639
-456.609466
-378.432374
486.871446
-365.547496
132.784182
-807.582123
136.106168
-206.432772
-17.993723
126.023090
136.216039
-348.921926
322.178140
-234.217434
172.095980
202.633716
-292.542863
-717.023437
784.826146
-537.870669
919.117127
-90.550940
-723.655299
87.866075
18.710574
485.480508
-807.491087
-418.109580
-562.066580
-977.104584
358.354682
782.819604
164.058899
773.061874
871.003363
-60.386822
-787.519154
-466.105724
-381.232181
-893.926630
335.478022
-2.043284
845.391235
873.763982
-642.788324
311.971354
-147.071505
773.912835
928.892719
991.413649
-33.279849
851.758651
665.275050
565.859998
-103.866387
140.274236
-591.052755
101.589431
750.441953
365.009113
232.264962
766.306097
550.954480
101.979651
-210.560795
-137.277862
-770.689784
-791.558457
-553.010406
91.028032
-300.924928
-165.771036
126.531314
164.592701
181.925085
749.124665
949.338023
877.706792
-520.710035
106.058005
227.667985
998.083798
-29.736943
-605.803780
-986.652397
-65.033888
889.790204
-690.662581
51.449262
-448.441609
-335.646051
-975.730909
392.377128
-265.305750
39.396599
-997.975169
694.777054
-614.672023
112.223338
-981.330151
158.294899
256.276641
359.521528
-495.589024
578.041403
299.799397
537.510976
-539.496113
258.429002
746.293399
-305.183276
-806.615159
431.494284
385.694853
-148.260751
-96.739882
979.833838
-727.624089
-537.498558
-996.718948
674.387039
-137.950663
278.981315
-749.774083
-969.745787
-216.197665
-862.265998
-743.839544
-933.868818
-884.488819
876.320057
842.771253
225.593508
791.612545
396.337971
371.490505
-794.403627
547.587892
837.214739
-626.244215
775.348002
319.755011
564.576264
-975.583518
899.352663
136.795730
-665.707757
-221.212373
-112.389718
87.484455
-73.480629
598.635764
263.404208
390.440174
271.691251
-65.241790
79.484893
-886.401958
-935.656392
769.792167
589.371951
343.203907
462.574972
-295.592011
408.350623
-830.121023
449.588159
-502.111196
322.733676
550.453845
380.386244
224.203834
-71.571948
-555.460956
493.173176
-196.701643
428.560718
548.509974
573.420822
-311.103016
-998.800215
-185.037408
-293.938208
-343.941363
711.288634
269.365671
417.688041
-884.131878
901.220646
287.673332
-43.767415
249.382863
-837.982398
449.172233
183.827201
-118.430580
145.290795
174.282487
467.436901
137.773181
-282.892164
-86.908318
582.226317
-824.995669
990.772387
638.341871
698.501303
-420.163813
-47.949997
-785.585120
-380.729954
-959.929988
-110.343811
-18.396739
-926.492125
188.541186
-846.976342
-755.589990
-32.890890
-269.222474
957.178133
937.812185
155.417695
-180.811734
33.968880
12.338643
827.828606
646.854526
681.491645
-478.156622
266.909531
-551.051088
-559.277415
-107.949577
584.676151
-957.631350
-804.687470
30.383159
-296.193093
846.939381
998.976010
930.031491
-635.990638
-721.937581
415.487420
-239.733997
-763.945737
917.446167
-626.002280
-279.164184
101.497323
503.091065
921.823378
-314.096599
431.252449
108.304648
100.894190
403.672315
273.991381
-492.447238
-833.534605
32.381170
-465.123611
389.659042
-659.460002
116.485650
832.559166
433.704672
-204.541983
129.418050
195.573610
-447.494796
-341.724022
997.765767
-801.116466
-221.152884
238.665106
500.196183
-682.278739
757.103623
-253.015263
889.796223
996.003298
-843.153261
520.633412
-434.416531
-73.298270
767.877600
-268.843131
-152.749589
80.896124
584.191621
-219.092169
416.532012
267.046250
576.774160
466.416360
992.638105
-768.493092
227.825420
-562.343038
675.084151
-850.019863
848.316955
926.486416
429.438379
-162.478569
-234.949532
195.343946
-688.711610
-662.542359
-353.509225
-560.639064
821.962456
789.163196
-502.423816
947.103703
523.862052
472.118853
271.053919
-359.417935
-235.701713
-111.395074
-856.721240
537.421950
-834.306296
-558.202694
729.280089
-802.239903
-424.851599
-992.748607
703.375414
-57.519552
323.178194
722.489534
880.362492
538.649922
-387.746018
828.186794
632.359929
214.774154
-247.586710
280.432496
-660.072429
815.686248
610.378391
-735.297420
762.243301
879.410874
-872.693191
467.682408
407.280741
436.776190
-642.000573
223.676271
680.497192
-798.799081
-221.923116
211.696595
-623.207995
-635.917682
-584.357129
170.161416
709.791950
-954.206060
428.315245
-173.709708
-447.810021
101.868178
546.449229
-425.469569
605.222658
65.579085
-152.686992
158.900978
-674.259943
616.945482
-985.870749
-933.454381
-834.653201
-814.258983
762.870014
-173.840523
-869.541549
838.259880
-98.778676
-325.388462
-2.882674
520.621510
-855.517957
158.124482
32.529166
-133.179522
197.679249
-622.247948
699.927736
-281.824138
157.658330
-631.837986
688.176730
76.531279
496.396040
-77.499212
-886.040393
488.725461
-861.461397
134.126730
786.518920
958.547895
440.636392
659.851572
-831.631638
359.075198
134.877458
-240.050977
652.465257
-322.973353
-764.202262
-946.948662
432.145224
-547.629316
-733.674719
-874.286260
982.158382
285.041386
145.928169
-205.423657
-632.013478
446.778660
-680.032034
574.952248
318.698355
917.941528
495.045372
804.354885
-227.393234
359.844931
-226.699768
881.517166
515.873726
875.362810
73.858967
-215.060366
-931.604691
-189.632340
147.650407
651.111361
-960.423397
-618.526233
-277.865162
-163.716884
-889.746679
-948.409996
257.086035
871.627738
705.102882
984.132696
-663.238602
-690.582557
-594.560862
832.027830
679.956518
82.436316
201.059593
247.976974
-165.145670
561.509075
888.209081
-900.467407
-577.106054
-167.896878
818.813654
-918.551854
-758.978872
437.780451
847.417751
-803.078208
-304.521085
-956.982667
-711.376412
-901.877043
-26.608972
-709.252005
-67.223479
-291.472480
-495.113272
392.104371
-546.820467
65.478918
57.014520
989.760529
-621.046402
-190.588653
672.415466
369.055842
259.215476
-895.397304
-173.731827
210.759686
636.345010
22.629699
-121.820328
533.780795
743.015737
-977.910163
-105.631858
282.367260
-84.076983
-963.211416
158.168985
316.902080
-590.929146
923.980626
485.592603
-456.760895
-431.280798
197.534077
240.061058
-604.852208
977.390444
75.936301
133.055834
-689.350219
-578.455403
-78.116600
349.254140
252.362510
-468.083547
311.059331
479.656641
-976.676550
544.130231
-584.506937
294.330933
-867.250789
576.974272
-885.443559
-835.062485
766.774636
940.853911
182.924607
-468.332500
-441.976946
-58.342735
885.086049
-338.359255
37.958029
107.874219
-503.061677
901.486589
-809.138661
131.646681
369.966250
-32.199306
-813.180851
-60.557502
-323.039927
-788.018460
-824.041021
811.882265
-763.928598
268.569601
833.478503
-395.796921
-363.896975
-197.033768
441.128947
114.574321
-524.696299
-485.776295
335.709107
830.827251
-119.015658
-506.461150
634.055566
395.689022
424.941694
-544.335414
-394.354545
509.572672
-601.376389
-558.006218
-859.664749
405.121563
-457.158854
36.449777
-8.146265
-199.559667
614.322003
-903.587066
-152.529049
-236.724794
947.127447
-616.774734
796.790598
-863.377215
-170.789568
580.735921
-866.021540
-139.704721
-914.275559
863.163107
-415.427887
875.441781
-752.973720
706.553090
681.890851
193.900606
-108.134257
600.749986
-924.225213
400.457473
-827.625189
666.150628
379.758818
855.362890
