10 10 10 10
-782.360166
-66.781124
-614.083742
611.663193
141.991332
525.079096
-177.675403
344.111649
-293.367809
994.769506
-481.476050
-408.864766
-475.470462
-596.798012
262.915444
740.801179
-363.454944
-827.210218
855.924997
604.750130
-716.200547
-69.537248
-96.560671
314.316795
-906.044081
-259.102084
-782.542967
842.150753
-403.304057
-303.814786
264.628587
-98.183007
-897.091243
-89.211787
-678.107232
-768.179247
-480.148431
264.952412
407.516204
-85.213438
-751.685756
682.868201
61.563672
709.365144
521.042380
-26.664948
-755.696595
145.270026
-304.577114
-822.650647
73.851983
-499.633170
360.600336
777.057946
427.172883
-903.864271
-349.717049
607.612023
882.362943
230.579852
-367.421964
720.047370
-746.474735
-330.556434
428.755026
398.028227
830.734835
-350.840975
-754.182847
-495.981260
45.573486
519.188575
953.444058
-694.658512
-370.345086
-978.610269
306.323739
-762.618284
48.674603
-613.264693
-574.213298
-543.014822
128.758051
-838.172981
-873.629824
-701.202290
412.322252
-473.574326
-692.420809
644.361785
683.007772
179.177071
-810.869026
-95.738163
-883.789601
-386.734263
991.070014
422.436534
349.805497
762.623770
200.286228
685.099133
-418.379144
391.633385
502.935113
-703.887077
-789.404311
250.953298
961.099588
-643.291835
53.891751
-260.059715
303.175523
866.296774
656.262274
868.393290
-135.011352
210.675364
130.910500
-326.545061
104.065883
-745.542226
-51.668971
-647.704139
204.560315
389.738175
-927.140507
-287.308151
142.897118
726.673392
-688.133486
101.208126
-915.007429
-212.758578
710.214870
-644.467837
431.275531
-888.724752
-462.923229
495.978104
852.670164
-660.629631
713.844435
-233.822764
142.050802
164.180788
-342.076555
609.213285
529.284300
-241.213117
148.778515
425.467888
-269.789725
890.559186
-439.305635
-1001.334322
-559.855776
-631.511554
862.798506
-460.850628
-278.233570
320.269758
-962.971057
693.434721
350.177329
104.577645
901.916442
289.977084
148.598565
-91.943406
540.010221
-465.557891
-107.522393
894.768712
398.268151
105.974352
487.991126
635.626612
908.496760
396.826310
637.432666
-821.056909
-270.074555
-220.072477
469.118049
-834.856574
-711.686682
707.734717
-335.602857
-108.955733
-170.777623
-374.282146
-535.274323
-77.836137
801.209390
541.458505
600.900999
-117.976425
108.334493
-798.326120
219.359349
-990.036035
-122.673083
-194.545459
-694.478527
-982.737821
176.197616
131.279382
329.250971
-315.620370
225.920291
-234.368639
-309.925166
98.078821
461.586680
956.386082
303.015866
-384.998809
614.296299
734.761286
-891.624745
-322.503219
765.307401
-900.701619
571.182702
876.793618
777.066814
-248.470688
-697.678597
87.707560
299.354396
-600.391496
104.033304
-219.955689
549.889485
815.821127
672.959586
-795.381163
-343.439634
-157.263599
-215.204894
417.267774
680.099722
493.571350
51.854111
88.349873
260.903837
751.209301
-364.056766
-779.699041
-269.219016
838.972838
-911.496550
-14.844329
746.155747
496.830511
19.106731
-27.913636
872.702986
39.670506
-73.590799
-93.289186
753.315431
-52.663082
-157.199686
-980.087737
-541.406360
-660.968749
464.776697
-869.284125
-387.682270
36.087514
-166.964118
131.537300
653.913837
-597.212583
956.409179
169.349810
332.031197
-825.740519
565.454160
-397.172888
4.171079
-271.338844
779.953085
-70.801820
557.545547
-614.686289
635.168375
-854.863463
985.480735
-245.991383
364.455776
-963.323963
-686.767040
-296.999859
-854.825874
-883.994163
-991.264377
-399.376783
-372.446927
-960.862228
-102.631437
165.572912
-555.728531
755.694539
-567.925623
-765.810543
-815.348781
978.027773
306.609971
851.384118
-113.719272
-225.288134
110.510554
-228.899150
-582.842360
-627.388234
466.144372
-896.798119
-7.472964
659.286978
68.685385
1.068423
-19.947501
258.081295
71.069674
655.744146
189.544667
-59.697721
75.922685
-129.747318
964.823220
714.078018
-665.977809
-298.978497
669.691742
349.509242
295.505786
-582.803346
-55.401001
487.613035
5.295084
555.045613
-409.561380
480.272054
-290.501586
-393.061411
-622.330557
511.588132
-370.638275
-578.579078
224.936682
332.099982
-732.104128
-998.779229
309.467441
-965.749401
-102.409664
-887.373705
154.257625
-768.912373
528.971749
362.212262
101.762530
481.283985
457.929848
-436.154577
-683.772560
767.279306
35.777942
677.438702
465.674113
-202.445780
-992.248344
202.839626
-175.663778
-603.869219
143.327724
-192.043404
688.035632
230.651067
618.045424
-439.564872
-605.933814
-430.733414
933.360326
-259.671363
-127.029913
-681.150300
641.394337
-177.449524
-22.592719
-343.744700
135.793436
-522.800537
-148.065745
-137.025588
-302.475328
688.374795
-671.600542
-270.062826
-955.139101
40.222640
310.792660
-164.968265
165.743095
566.593850
-496.372242
765.165052
253.766697
-387.312309
-2.140403
-218.507551
201.948238
975.718130
653.356207
974.816672
-921.545332
-502.366974
-968.683906
804.574161
619.858540
194.288001
-58.306483
-216.692920
-220.538262
-635.386574
-922.832903
-927.886678
576.765101
521.031787
-148.926098
961.972222
-963.879058
-920.711254
-772.630521
-73.866454
-283.305052
951.584418
-34.834957
815.822058
216.435083
279.503339
55.115270
-209.558145
-537.822324
-568.270935
-609.809497
406.113543
282.318571
-500.272319
-618.462331
570.847427
-819.137242
801.263349
-662.059437
-519.044360
-15.021185
767.336592
108.512851
206.379005
340.760074
416.327626
203.943414
629.289774
-277.565797
215.410074
248.951501
-380.473856
-279.926572
-297.125644
-377.723297
-680.694945
-446.748328
747.424332
-552.981625
419.218822
172.667154
884.440897
290.140533
385.493449
126.055483
717.104530
-80.016647
-499.031599
-265.309494
-991.767635
-313.965746
-210.884206
-112.370808
-588.560767
276.223316
813.727423
-882.165856
-20.675922
-837.192519
937.933124
-562.281018
-813.403403
-409.571285
-573.207728
220.108768
827.240166
-936.078632
-853.067454
761.268214
-597.070990
-831.215120
3.973247
93.559287
576.166415
-423.987863
-260.122682
-306.958742
-435.038115
-834.285500
-679.549557
-482.891159
616.886963
-873.147360
-115.293172
269.710601
25.117228
-119.717812
-102.911019
353.987734
-381.907885
959.734995
-428.128920
253.629214
589.157844
-650.480984
-929.657675
831.697563
922.543214
63.242204
555.803556
-644.907804
-916.920917
780.471735
-942.312660
716.069509
994.398955
811.170462
67.531148
-406.344675
449.313656
219.773313
448.905704
-29.419755
-475.911404
-606.393472
-903.331755
323.740903
-250.499537
810.978441
-871.282439
386.846671
-158.045414
-397.527151
675.589223
87.191700
-485.425491
-299.993046
-199.322083
846.225137
-320.371664
696.939455
-322.348352
571.062540
-596.657946
-814.839471
-939.441647
49.113180
806.908792
-667.088720
-728.949747
-478.212180
978.282453
847.106951
299.380577
-813.982297
-579.778272
379.695744
-682.407563
4.793815
-319.217884
-199.728313
833.551063
485.301842
-778.213870
840.797492
478.174500
-508.880650
36.243393
866.331333
518.405141
-125.714395
-990.780785
-433.739576
803.340326
683.273147
-424.191349
-342.987373
871.580728
563.253098
458.264384
345.344037
-138.017377
-803.051426
-826.286588
-961.898332
408.201714
96.207746
517.808320
-549.929370
-746.381658
-176.105647
-46.619478
-617.624105
-555.883612
493.143817
-839.853238
-575.656702
169.820741
-373.672528
9.787470
741.459863
179.424495
889.495478
-106.071598
-796.289627
-548.448324
810.252573
-618.331456
-885.496764
292.742100
-246.055103
141.172474
-795.428778
954.323954
68.003988
-448.512660
-685.565796
63.769059
546.595901
647.716597
-80.198580
200.905636
416.674637
782.220256
690.207382
268.487534
931.840602
133.616966
-814.729382
-550.783057
597.972091
-80.578232
-401.523691
628.030484
-32.839599
-590.653457
506.026515
-354.095693
-450.283929
-186.288070
-367.695197
-349.452443
292.642603
400.317951
581.993714
770.668063
756.826475
-179.547063
-143.166845
185.292996
629.239716
-243.049570
319.024888
-438.978035
699.905552
-168.688822
-289.431281
577.238146
-313.436967
-517.589830
-389.430777
887.609714
364.170239
911.130797
-685.100599
-82.449908
-267.708596
671.136492
644.774368
117.153098
673.096414
857.527503
2.365818
-4.328676
-472.265226
386.671400
485.652377
10.027999
-647.799454
150.554452
914.573980
599.446615
-428.432712
-625.795761
-101.197735
-504.948297
462.499013
708.818948
136.152774
-410.920195
163.726415
14.234026
924.939175
-416.281687
435.330571
697.451512
-64.605338
865.444932
549.383958
15.212788
-430.070496
-775.349784
-615.299946
-572.392041
157.843949
-544.857082
-429.491748
-335.577771
-336.086051
141.789736
750.274406
512.114636
769.714114
-636.484947
-517.924776
-306.868956
-585.307992
151.953607
769.578583
216.670067
-781.570006
80.449905
919.135209
772.950315
-124.310097
946.807139
-236.234117
521.536545
-161.869399
551.402662
-164.150253
246.123304
52.097042
261.601962
501.977824
-299.114459
-554.087196
966.758031
183.728906
-902.935119
-388.868371
-486.658586
-135.344569
701.050818
-641.782195
-582.584653
22.019964
-459.005285
876.501441
-166.233619
-798.101903
154.430553
-72.500745
678.845876
-927.370533
453.580804
375.344371
665.914685
-293.505739
301.479808
-705.536447
-235.319153
830.114635
-62.405070
-38.603240
-902.821924
124.695681
-557.652761
-23.063952
502.286560
-696.779742
617.354875
625.598877
-670.871566
-824.442680
-512.174950
-163.640648
651.487835
-982.694736
46.434451
168.172964
469.094463
-721.249136
-343.936098
332.441349
-215.602365
-584.260655
-152.393931
-342.611196
751.283992
-352.091419
-368.273221
-98.739545
932.895500
716.932230
-284.245883
363.621471
202.327758
177.198271
-249.380750
224.359856
-456.701158
416.509380
-804.670879
531.318587
-251.894721
775.177443
-837.482981
-426.324671
537.594814
-101.857649
-175.881728
269.795030
636.232649
-112.033473
-19.845428
-364.859889
746.975016
-331.083476
-748.255239
-456.881165
-437.620676
-164.422848
-244.034729
148.767414
1.201157
-754.045088
-902.295609
-295.353352
-601.221401
629.524005
-415.657184
34.301416
245.392507
240.422391
977.460056
808.677646
-422.175034
581.897013
-181.563520
186.361074
-402.922933
-4.996458
337.297591
-896.984881
-311.211340
345.982762
-429.914808
765.503956
950.928178
321.111949
925.056375
606.202118
-162.479196
12.570604
609.826797
647.797121
908.851362
322.777424
575.155556
791.218347
84.664352
-781.962582
658.857542
49.511055
345.321610
219.572551
761.658894
73.379318
-332.918004
-436.914683
729.099115
-399.548014
62.743090
359.947835
-140.025171
-364.513580
692.006701
878.844016
1002.494415
566.277097
-148.652517
574.511841
859.157702
141.868445
-868.895699
-765.121195
-961.723530
-594.948728
497.184181
581.610500
-804.791937
-201.344747
978.360492
717.806585
-771.033995
-801.222001
-914.978265
-73.068403
558.832776
-668.473498
-31.069317
629.128062
-166.394479
453.495555
-41.764543
-310.737599
350.989891
-539.310049
-932.185913
-997.218710
-892.246837
748.378690
-140.143115
382.750889
-722.651920
-321.206234
836.150511
263.167374
369.167618
121.184759
331.632338
-977.702636
202.672510
807.169270
102.521731
-506.211003
453.607926
-629.751171
-793.469491
68.488702
541.869210
-408.974878
-10.723414
-849.003852
4.798581
314.914320
872.831164
45.473533
-243.684503
-85.814995
857.264752
442.674867
38.057893
-567.294657
844.370066
-475.595518
561.092786
-417.719449
317.215610
688.941293
-57.183493
381.857242
310.656630
-778.688070
764.188663
219.969245
-506.284108
650.164622
-1.302106
-424.736158
619.191816
-286.907978
567.383574
-189.700480
429.794088
211.756392
-754.798840
287.806141
-93.506994
646.062746
314.731633
-135.277289
467.113553
-955.653048
615.122328
-548.273542
-82.918156
-173.972292
122.563751
-770.510954
-644.748616
825.822949
-927.722333
51.796757
586.066801
-683.443265
-484.807662
-737.964168
717.202835
483.618292
-446.361567
-164.942040
332.727198
-468.527608
-734.928994
459.077307
812.941850
-238.699065
447.155873
-673.453397
-897.501643
-665.657145
332.903236
731.846605
758.058172
609.450047
-580.487526
749.313434
466.250809
-598.881101
315.632501
-835.238735
77.995264
-199.550412
389.280112
-557.534758
816.736906
-221.816495
505.282501
-149.337364
-722.954819
326.950365
-578.730103
516.327506
-254.645016
231.460760
522.931311
497.708666
334.412360
-606.551104
559.779053
-918.806259
-284.465662
-474.083733
-556.214240
-160.505155
232.851030
-345.637370
108.225834
-53.046182
-614.119297
-179.753269
7.340263
-54.766817
420.198760
974.701488
-453.381439
-412.494837
-747.555197
347.234047
-583.992773
-259.239229
242.921939
-187.790962
451.741050
-843.096459
554.831635
-232.165310
-497.516111
732.900008
30.582982
762.337807
469.315924
-799.505299
-439.865390
221.903845
-110.322320
-583.827191
744.390329
943.328168
-851.320531
-453.695235
-616.426134
424.097023
275.864210
-386.050140
70.062899
708.114507
-832.849550
256.823998
270.951547
-973.503726
788.389595
-924.995716
344.991664
-865.650850
95.739871
961.797725
848.487521
-299.236235
-881.442268
202.258790
172.567182
-520.012437
-764.544777
994.219504
672.983960
-994.888086
937.187418
562.465886
6.218913
881.134973
-132.444509
-776.193215
594.522702
-305.794846
-837.897550
-370.177631
-765.989855
-631.337790
972.516389
431.095920
333.677463
479.943727
190.254914
872.638854
-832.057993
-56.327542
47.239333
-542.623499
-594.076498
948.810926
898.030035
496.371208
-331.351153
394.147833
-587.645263
504.157800
-495.718036
434.408192
-772.439606
-496.315161
-137.334303
-972.892987
-586.155474
-551.550085
-316.548655
-116.295337
-415.637805
745.096425
-527.509277
162.535604
785.155629
-800.198953
510.641021
-375.160005
637.628797
527.210015
-656.483306
-754.102891
-906.673868
186.443119
-695.229330
-544.673110
-623.948131
497.627360
805.916564
-664.631369
149.382773
-560.838637
-482.638583
-555.612722
640.472486
-461.616078
824.794062
359.849810
-271.121190
-238.738353
-181.843831
397.961964
-488.200698
-864.345673
-640.111091
-413.585970
907.453613
-759.867875
569.800284
-28.735188
-466.771846
-228.007718
-545.817451
