10 4 4 10
-1001.071369
238.365736
572.493082
307.844023
-847.674218
-894.951511
484.339465
-499.330833
-297.756204
526.787409
-828.028266
142.833215
169.964462
-344.223943
-366.252989
-420.327082
915.289233
859.729774
-593.325474
443.698087
-574.684740
764.292743
148.133604
-770.701340
-616.323030
-135.194600
564.836442
-888.028696
166.199760
448.649572
419.609598
968.747353
-76.016293
-392.393831
624.124115
606.685937
-687.644807
-482.684696
983.114848
-455.225133
407.234186
-210.743543
731.684553
18.676114
-358.038655
-748.675083
-824.970909
538.562211
-797.457137
858.130700
742.972744
-710.490490
-812.099239
-506.664012
-697.501658
362.794797
-247.056912
-740.230214
-731.448528
62.657959
902.616625
-821.637207
462.462621
-838.604900
404.448724
611.097708
399.865077
551.219291
467.840498
329.955081
-825.883193
-254.881952
47.880537
-765.665621
903.942815
-7.125224
546.879940
153.371305
-534.985932
-618.588811
342.283559
370.320257
-183.369766
578.488170
767.340457
-528.342182
-137.444388
-649.658995
53.444366
407.082601
317.765772
642.959821
782.181517
-896.549848
-337.267360
127.422054
221.512383
-312.112500
105.152945
915.096393
-49.248978
-762.067797
-819.086963
-303.644853
106.392921
931.418735
-987.401187
-224.901112
-48.400101
-590.819120
-982.550553
-79.594464
-282.632699
713.303805
-8.411757
-847.896135
-317.949449
981.892308
312.760968
147.488445
-64.717042
-470.094396
-805.515797
428.612647
-984.259080
-947.813025
-349.969606
-309.831846
-932.561485
-982.562590
975.383086
-322.037126
464.760893
44.973083
80.181338
-933.970655
-104.979044
-491.430359
917.173534
-699.052981
-175.684734
-243.446336
-413.294052
-714.623154
-704.434411
566.499052
-971.870454
-726.561857
40.882644
316.098417
821.095567
-72.215824
-696.386745
172.516661
