11 2 13 11
415.317693
-615.071767
-603.147207
289.544782
453.448200
946.616546
-795.393085
-958.114086
-560.004734
448.937141
756.710443
-877.347765
-136.022713
-330.260640
687.255605
-434.455237
-278.494946
449.870834
-945.536827
849.497499
-500.976712
-214.561275
340.493325
981.290905
156.830516
-188.342152
-825.875297
-527.328128
-232.630892
550.169924
-794.534233
-577.641131
998.247227
-460.999451
506.650476
-236.910422
375.518111
769.582437
826.967553
884.490909
-408.524627
462.283617
-368.907489
666.545921
933.102504
-936.179249
0.415630
-71.625184
-551.223504
-955.579074
-826.623018
-829.396077
-895.410726
446.041183
-858.232773
-694.111141
-539.612535
-509.703673
-937.702281
754.772193
-63.953496
905.086417
228.088003
336.125595
-36.755752
-571.645335
400.015414
703.657034
753.132716
-104.661760
920.540386
237.294600
916.772730
111.105990
-835.365152
793.921059
260.296486
-577.437458
604.599361
732.430888
-954.571123
-76.279519
709.699280
856.430660
-742.901035
-865.786178
-242.307663
139.198321
948.913397
631.209964
-264.416745
734.756027
-327.382170
-793.064090
240.002047
-724.026842
-123.012233
-425.421717
148.787675
-307.146369
-417.171921
-620.825743
179.269405
-677.341852
-374.550336
-611.234001
-236.508506
591.989238
-466.543718
-42.232015
-198.013404
-246.755600
703.505745
590.951753
-300.660100
-124.684324
-172.582002
989.976442
166.169083
517.101699
932.307870
-561.307962
-830.059946
292.569868
124.228574
314.253207
127.872920
-608.934384
-257.284040
-333.317965
-26.974612
97.468293
-122.580996
827.583191
402.741088
626.148659
283.497586
-260.824055
-528.626329
-411.113568
836.155040
735.198964
-926.057648
721.911962
-570.898967
-767.642959
-295.425277
890.241289
753.342303
-632.053361
523.596914
-807.453457
-85.213588
-834.108794
863.464896
746.665511
-113.324093
615.245500
-483.574874
-185.328084
913.614325
364.368765
122.163938
-35.403416
-995.976701
-398.240289
101.144447
409.449358
189.957520
863.332946
-792.440287
649.362122
181.117733
-918.494829
-603.576837
-518.848978
837.123921
-657.208387
413.200231
878.400465
666.501693
-405.992061
-218.078275
-694.935113
542.525322
-985.330635
659.877769
829.822446
371.864746
-991.831138
90.754496
231.940173
994.194645
697.074098
-71.561100
864.964398
-646.750426
902.931490
-327.569971
292.915210
716.945520
-499.054997
-437.141102
-472.082191
-197.238526
916.664405
-878.066020
-952.083230
-891.093048
115.693472
-394.403290
-886.291200
-753.465168
-541.818058
437.827104
-864.271214
-785.734511
-438.883847
398.125713
74.538883
-515.344435
226.569064
725.404325
16.052281
-69.503457
573.370813
-807.405630
-776.969068
-32.734683
-465.961025
-133.741965
-493.949347
-591.296303
-792.658718
579.857335
-131.879211
478.937340
135.306003
706.221364
100.028484
-735.750878
-438.948892
700.422106
-816.014511
-811.786788
981.342773
813.635686
962.922167
-743.158531
-467.540374
494.491539
655.553994
185.262913
-159.844430
-819.607452
12.677021
-16.444842
843.343005
-515.584920
754.405491
668.527489
792.010109
-460.488032
186.352837
-356.982540
-621.932965
-924.768849
-856.539465
-456.192382
-442.152826
-55.023977
-114.483169
-516.352161
426.820519
-615.746554
-54.730564
247.521410
-994.814632
909.693113
-511.014488
225.026513
-363.797490
542.875218
238.161997
-165.034715
-825.022145
285.168441
202.165179
-820.785164
-315.490229
799.612953
-841.023048
501.493141
-761.713522
311.105081
268.194027
-452.407300
536.391301
954.371952
705.204409
-642.546924
-185.292083
-962.670700
-504.855389
-661.657562
-434.305416
141.356944
-518.838984
-834.757467
-934.086397
-684.400924
-708.485215
-43.550356
-463.805119
-418.692864
-129.337832
547.187216
437.925254
-128.416529
-717.284912
614.734297
861.056452
-181.782149
-287.193665
705.123709
849.087936
279.145970
975.566887
813.109402
74.267832
386.395905
803.007036
-653.432788
938.771530
437.200044
580.349333
-868.127982
971.194997
945.818649
279.172534
4.550060
-504.348042
-50.434158
329.159717
476.323249
-555.587641
561.423184
-360.178134
-640.005567
-598.443187
-965.372887
416.087453
-771.230226
934.011205
-6.302948
738.254786
-616.211024
-453.094543
266.544183
-534.604341
-688.742496
422.280948
68.446392
811.177009
-528.307449
-73.151552
302.729027
-324.988924
-146.558019
427.518456
-203.053123
-538.865461
115.827120
536.578649
789.548590
-696.433468
-733.428532
68.561065
-473.810927
-624.110647
-673.578817
-527.453967
-496.467105
850.884574
-387.183154
842.565272
-465.369591
378.849415
-837.995772
-231.064028
893.620837
-773.036426
28.289300
811.837464
281.596694
433.337479
-716.861910
537.848849
-390.237727
217.766710
126.417180
226.089964
954.397174
-946.980737
502.336493
-877.780424
-570.630036
436.982139
-593.892721
231.100015
-544.727257
523.752225
-102.055899
-376.298603
-441.329361
-80.060012
-283.063816
-694.721345
928.572178
-938.884028
-78.640004
-824.234239
-621.237073
-497.549890
442.395875
453.323955
-52.529827
-842.733865
-885.702706
-394.347063
429.923196
873.824519
904.620582
-564.751804
-493.431237
389.968848
-365.583660
938.497043
-159.508310
-848.404913
-827.669502
148.969943
-69.794428
726.623353
-528.244059
-948.262210
131.815906
663.260845
535.300639
-473.664863
656.380453
-19.230985
550.285338
914.931600
96.725358
-26.014747
730.341599
-156.909973
-377.364071
-618.346511
-494.912719
-126.290153
-873.677330
714.381137
901.543865
847.054732
86.383268
71.402421
-482.581681
349.504466
-153.684858
664.556760
25.766181
-608.982435
251.945994
791.316893
111.619502
-466.572855
-704.341914
-975.013254
-437.441514
813.264995
135.471162
-800.986864
34.280326
26.872282
58.036945
-1001.514785
50.007689
-829.497261
629.668461
861.115098
