11 2 13 11
-62.151976
752.534950
-39.673544
-61.247824
471.935431
16.644822
-321.362214
-889.126281
561.525874
533.618861
-444.444058
886.152694
-289.791642
616.619880
-413.354223
-482.024586
-658.263665
935.161236
-455.620506
-828.187516
-426.527897
-895.083149
-830.581162
-461.851840
-77.170271
-567.096912
998.536150
-969.680385
-820.846514
-46.013808
-984.374997
-160.823504
-828.010449
-14.530841
521.330896
588.157435
-285.744351
-969.494993
-702.211535
-838.382627
-804.500812
19.660808
-429.926873
-300.744086
810.594205
-983.824080
-907.414073
328.514010
-167.008461
251.800912
982.354914
-914.446891
-600.997991
713.391986
-779.790000
-460.410711
954.420699
640.904241
53.627308
-567.547847
51.898740
-900.308166
-928.960752
-157.404544
-825.008186
-326.001930
174.757630
-378.012171
-450.885635
-798.562182
-719.144224
977.530137
302.577477
876.520012
863.626868
-0.544617
912.915415
-325.795033
493.155580
570.122863
-352.462698
-325.397568
288.270350
-548.144685
512.635681
821.411716
-887.343199
-234.840936
731.074596
417.316690
74.324583
701.954888
554.967042
-722.036102
-253.101031
971.630604
-468.912129
-829.831088
-632.782972
-230.856456
279.680746
41.147715
-361.360055
697.889946
-256.978854
398.688686
-300.283131
-293.184514
-427.836018
-422.937698
-140.693757
452.384680
165.891454
290.298511
-637.075020
-829.447956
-645.067342
461.552211
559.209906
-385.455735
460.409710
409.238886
288.585026
256.369553
930.036317
-640.027997
1000.615240
610.440973
-885.597742
-602.053588
417.386875
-773.389497
489.250099
141.889629
-404.769324
483.504812
246.370617
-308.107703
-892.232315
-731.240202
428.265134
182.141938
219.433116
-379.593007
-956.811705
921.153273
-710.932076
400.363587
-642.028922
-54.463107
688.791435
278.893757
113.304492
942.978938
847.707275
-793.476371
608.036715
-349.153444
390.472424
-684.913579
490.267093
608.602580
369.396464
102.587917
799.297873
-763.972310
330.310078
807.340589
354.093386
-424.129651
-235.715012
-450.037480
-931.312231
-561.587822
-412.730703
-42.103664
-403.258825
-179.563330
-587.149761
514.473607
-650.949775
-576.436896
619.107735
730.066892
567.683003
-79.724874
658.526065
579.798530
981.503058
727.072294
-516.750633
640.581888
-80.866074
513.089945
-981.321310
652.724945
387.968390
-702.162356
15.849340
-736.193214
-305.624026
494.287715
509.401413
530.337565
271.297190
94.007337
880.900151
721.192004
-974.143134
-760.200608
400.399298
386.062459
872.841347
576.991471
743.182367
103.239840
-842.632340
-929.702208
-53.762567
-266.366628
-515.119483
733.460053
-135.739179
-525.488857
564.453059
-294.674166
-123.454820
-894.809317
-125.331516
700.843594
-495.040348
-208.391278
906.420327
562.412028
-77.762599
-846.681842
-637.022457
956.922489
36.326231
165.956020
-541.273594
454.385109
-964.524698
405.088025
741.575061
453.275831
841.840011
357.457136
-200.628293
888.548691
-664.023980
-739.734048
-390.638844
712.545643
-813.812729
614.710581
-510.115396
522.845524
-324.018480
842.536791
-570.620837
186.464917
462.308545
567.579723
114.133743
-404.347162
312.347388
-878.773829
892.984006
-969.786419
-416.764647
-72.191382
-746.868686
956.388629
-918.053980
-996.020144
859.696558
-792.985176
-11.295180
-763.129177
638.107248
248.931291
475.080922
48.548807
-732.807175
393.878828
-268.009611
389.633087
-898.239571
779.864496
-964.043009
638.116984
316.327422
-538.445160
538.478180
818.094005
-604.366425
764.514432
835.558108
-105.625933
-986.725003
-347.846813
-257.663028
385.394711
-319.912858
356.141423
-258.146669
-700.248227
-755.552458
823.305734
-733.992813
-284.982846
347.826593
-10.076065
-367.186335
-415.417230
-950.555280
34.665098
60.298780
-186.452755
-702.592745
3.931863
-540.311228
-888.678868
-370.522759
-398.507405
512.719715
74.111983
475.630976
459.534282
836.321224
-803.163980
371.079811
983.274748
-96.461993
-435.287795
16.374270
-840.080829
802.170356
-244.376466
-745.591830
-669.377155
591.876331
317.803549
-279.062557
-959.940823
575.255529
-275.613234
862.635666
390.689731
-565.656834
100.378730
181.762929
-40.148862
-784.473123
810.835718
50.934372
793.471312
-887.599270
-592.109559
-166.669416
456.257797
-830.911647
-201.215667
169.817454
-581.059953
-713.543045
-902.519290
-266.397901
-228.865884
-579.245058
-28.863133
905.715376
-495.900807
-760.408127
-716.895085
787.099213
535.769598
-754.923616
-968.714291
-388.191007
-354.141235
487.352267
-752.440620
492.587813
460.865987
-226.543028
-452.303656
-756.838629
683.682964
-345.146513
-787.289367
417.584470
71.540519
299.413924
63.365631
-936.692058
412.661189
-991.972034
-133.531680
-441.600706
-250.434104
25.652783
-520.800928
-442.616781
-665.434766
622.389108
559.142520
-794.557150
-652.871052
633.799674
-682.428440
841.325837
749.442863
306.753833
-23.308363
322.972938
-358.464972
757.106139
-134.693460
-1001.308225
237.353360
-228.475695
324.068301
91.648440
-558.273273
717.727226
-336.955889
-744.407027
421.309083
-965.203557
70.969089
-98.417422
-630.672387
843.569783
-223.438784
454.108706
-731.363330
-987.764332
-422.426971
-363.050232
-619.627675
534.528048
-228.448643
699.613660
-925.569587
927.936743
-273.091476
322.891088
115.738140
858.743046
431.981515
225.960649
-907.799895
225.623216
-710.640310
104.112280
-322.816057
195.629244
-530.505204
787.950249
-243.743080
353.861083
683.367299
945.816075
183.050669
-414.136256
-449.381108
715.158726
-630.232908
583.595807
-342.001067
-111.375157
-227.060145
-687.085816
-858.866230
592.873048
485.746583
815.687553
-57.537155
53.988834
860.016347
216.107852
71.284730
448.183576
-403.640775
146.761669
928.669402
-915.225839
555.026596
295.445911
-966.974635
