11 2 13 11
824.016633
980.324193
-83.984380
-536.596813
-237.512714
-665.673977
-853.566818
583.041366
756.028660
194.357020
-587.523392
-39.064007
256.846435
-461.452751
-355.980629
-486.749294
-585.839856
-680.057776
947.055320
-482.760241
-167.124424
894.923343
210.491892
4.554138
882.138840
768.736590
973.593049
702.286024
529.272338
779.375414
-50.364553
89.206269
960.901757
-34.911532
-725.190336
544.384366
-449.942545
436.676417
913.450531
645.721616
177.253886
817.417201
453.390874
959.624223
-392.162845
-163.386603
-708.982013
484.637821
-383.455154
-226.347454
122.682282
996.407584
658.907089
184.351234
450.568226
344.099131
-921.671907
656.329971
-223.524391
692.029075
-221.108847
-250.918185
902.658442
-940.518081
-963.506308
36.934141
359.991812
-34.739170
-500.264812
-74.847617
282.242014
279.358371
631.818498
-515.733549
688.491948
-561.421107
-98.969805
-357.248259
336.283353
907.001907
588.057042
673.591081
848.217830
-69.297348
342.734218
83.774610
996.744906
-746.442772
829.024327
2.887341
246.681008
327.051194
366.388512
123.934952
-890.507038
71.551670
888.986737
-755.852872
870.886997
62.062001
-42.360153
165.338631
-96.783077
-157.650611
410.853167
-559.152256
-590.288588
672.524879
-773.888810
-552.981584
-418.067809
351.561301
766.624721
-534.903988
779.554474
-224.545968
-835.006068
-740.660819
329.354793
-25.600573
-645.483661
-605.007097
555.465086
834.837892
408.021522
-675.851130
944.927427
393.252203
467.039040
-991.752395
-810.029129
1.105961
498.160711
215.636477
-26.199916
-97.782887
-487.446606
789.124536
-597.686334
202.546438
-47.337542
-219.072761
304.696129
905.756427
471.754068
-181.078954
865.175512
-187.901184
518.396860
777.729548
-168.030224
-253.176782
208.414791
372.728718
-302.575121
955.345683
535.640507
-577.742760
-205.699141
322.172863
-890.276110
969.400393
-246.773981
247.414702
-236.278826
467.212134
-43.012437
140.998235
-723.069885
-105.828390
-929.970234
-849.785029
-408.897440
87.875036
815.042520
-181.391756
697.674717
-988.482606
-728.014957
-473.631096
2.773027
-723.080408
-974.679014
-923.500059
-827.592352
892.381614
634.905788
516.988192
-850.367089
299.536978
-382.951462
68.697234
-286.935735
572.089867
359.384149
-575.256723
855.256311
921.199269
-547.853755
-344.002066
3.921409
494.418813
475.118549
23.878543
-404.722572
-805.016161
636.549886
-301.867945
908.488794
46.001662
-922.465387
-642.917669
130.665317
-383.249570
-748.783839
-612.083312
367.736344
633.720833
948.622284
-116.384264
-943.219873
599.825975
-961.770636
420.215397
583.160130
-39.171431
-696.531314
126.634933
567.199026
396.873393
-541.653711
790.463351
-594.522510
-715.936177
-995.121650
805.968316
-126.504036
932.280689
166.456518
223.130495
851.851058
-99.694312
215.235044
-645.975496
34.765510
858.117498
-299.816674
-902.955687
-870.642952
-228.767145
-422.524338
-564.042739
-800.947469
231.851245
305.656073
-363.346121
-261.882047
648.225279
774.539731
686.463520
-437.377174
630.720505
218.830210
-910.735341
86.177174
-246.381178
-314.009059
-850.875283
-757.289351
78.555797
24.038031
-274.918110
-993.964438
175.802478
746.948606
-473.891105
539.018791
-844.303696
946.481192
-440.805755
-550.896522
21.384746
206.589002
-633.580522
503.727103
-420.030652
-339.503310
-3.864498
113.098281
-280.775063
224.646671
151.667318
591.488288
-67.910794
-305.396823
313.933299
-787.096056
-155.641218
111.926026
343.242469
924.918998
787.783434
765.569583
-129.034000
106.199935
719.593275
442.570606
-300.716058
425.556380
-891.199607
-441.320272
-286.441713
67.226149
-578.122424
189.032884
694.518058
423.894052
-137.381782
963.602748
-857.310678
117.824430
381.427447
-114.602057
897.533897
-898.247657
786.225348
93.677108
-7.565177
750.586286
-76.896846
933.580820
-141.143730
-182.203315
400.914844
649.565674
-921.187008
-816.153761
-72.148439
940.812995
-105.286017
-739.892047
494.983538
-892.900859
765.986354
929.565725
-681.662632
-1002.383548
-270.696678
-53.242706
-435.318141
154.496287
81.901837
376.063505
-933.444153
-515.458615
-117.391198
-836.673332
-218.227204
452.147488
10.347544
542.021867
-932.557575
983.508035
-702.291306
-972.977696
633.571796
-28.987284
-493.742892
689.550259
-259.320144
-660.839638
687.383113
346.663532
-687.981100
-910.993334
439.900514
-105.786948
-249.717160
560.648163
628.486150
519.813081
-574.075147
-63.410953
-452.316723
-624.156879
-172.204435
580.423499
160.374816
-950.251678
616.527773
304.555057
-442.315324
262.414823
534.420121
-493.540784
-261.057761
43.461768
-157.502980
-809.670365
979.805060
-829.170607
788.408931
43.484568
-96.062406
-810.462541
-650.467737
288.369139
-398.494874
179.293962
-406.329117
-206.721580
-685.152790
610.688232
-547.815104
-789.904876
-823.796399
-847.691214
996.675096
844.614562
-920.814707
-12.986875
434.648812
558.537254
-925.013534
-649.389801
-671.363457
-510.888397
561.948755
-579.863183
851.168041
-37.362341
479.246777
519.698062
158.096772
465.934715
-89.568217
933.756837
-283.004207
-686.028830
-128.483401
-215.339387
310.293324
342.213721
139.449830
117.755677
258.772124
684.092265
417.086930
-136.799617
-690.161044
11.556016
332.156223
71.125231
-934.472715
-795.892106
820.436134
-150.426791
521.174224
-111.055508
-647.612338
-767.438571
-521.617518
-298.902483
642.079146
721.545169
-201.340732
355.177496
-248.837858
464.441717
223.212042
406.087781
-262.265028
-308.675672
-95.762399
432.266979
-40.747515
158.815281
502.033609
-433.273267
-829.557117
635.008166
945.188070
-155.432454
-518.918655
-254.754330
-559.539208
-995.600415
422.971056
296.696660
-460.188551
-967.672988
202.093285
