11 2 13 11
-337.069082
494.312989
-332.004630
727.705425
812.110963
155.616215
320.133721
681.140653
500.994135
-744.577893
-62.584111
-706.209415
-60.975968
655.057723
-875.594805
203.623672
756.066965
86.819060
-92.243599
465.680647
610.504653
-978.524087
279.646956
989.284372
-574.694963
-706.599381
29.446662
552.941574
268.067116
268.796904
-968.844280
-207.013510
-986.363820
970.723908
892.491779
266.836522
859.096016
-222.865382
-642.469491
-527.452208
-993.829816
490.684810
732.632299
-281.491611
-919.990391
-240.822810
-471.296737
690.499797
315.962164
-798.907817
939.974349
848.835529
190.144595
-718.282230
-887.790527
-457.127987
354.833975
-477.261559
848.374930
-290.710612
-793.980199
-205.811153
678.880171
371.744105
-49.102324
652.218989
-650.726144
955.161108
-10.329969
365.582762
344.986945
264.026354
364.315447
-18.889829
28.802266
307.711301
-583.228209
-68.925132
-653.063515
297.385180
-312.968399
-884.708960
-582.148163
-673.915502
401.673523
412.166383
297.696924
385.974345
-237.496307
851.027297
967.159377
-903.819342
-252.506083
-870.223127
6.548874
580.125028
975.213586
-353.006386
513.074362
-35.872585
90.629083
187.869612
249.845750
-40.043708
826.430608
700.762248
399.926506
-533.094314
102.120848
331.462160
310.017339
925.193288
29.078474
-452.157235
-643.322012
326.518359
713.914052
925.778313
-639.897414
78.029743
-232.179380
-350.736372
700.874085
-350.374029
643.895922
749.845433
280.738896
104.220184
-413.321639
761.812999
873.442685
253.988963
880.056717
426.893323
613.554066
-115.717200
78.341388
137.191717
-823.075378
-877.770896
229.778262
544.660231
92.783335
-938.402934
-225.516129
-345.605450
-91.283663
-369.657080
-751.760191
-666.812543
-723.595708
18.441175
892.147565
159.014644
847.911483
-6.839012
874.016454
-147.803134
-315.666387
-264.187589
-317.313020
-530.104847
-497.482418
-875.164182
493.402949
-994.533230
474.860511
609.602725
683.244234
-570.433010
259.069803
-710.317381
-665.468567
805.438482
-660.267185
-241.462916
-281.969118
616.958315
993.210274
-509.626031
-800.184757
576.770412
866.874804
-501.344514
-552.181837
-811.612434
-413.629709
-332.082770
289.575096
210.649387
-902.709488
-345.451870
-247.332372
-219.651148
460.510102
-156.854262
721.901295
135.453887
768.309743
-379.883734
152.122390
61.944380
714.411132
-4.355594
-624.565486
-646.085590
778.993865
355.184225
-84.777479
733.907778
875.941631
703.341904
812.953781
-258.867449
598.907372
634.153189
226.311416
-581.092605
373.024516
834.778939
-224.961406
200.549943
-256.773869
188.214524
-587.449645
442.260730
369.536972
539.304039
178.633404
-284.089241
193.447597
-834.153247
875.244034
-68.604584
-327.039415
-959.490072
578.168316
157.188263
484.293671
907.821406
-446.092043
246.386588
624.998173
817.294308
723.835311
-496.741990
406.227468
-67.461914
-170.887085
-597.734366
1005.814148
469.137193
956.764643
-286.040885
599.318136
387.697339
787.998999
520.395632
-165.182863
-179.794116
57.654872
333.857605
452.761448
12.771367
-981.593312
-876.701577
367.286150
-44.180299
-30.555026
-549.787192
964.951010
792.430549
171.958023
989.768453
-689.626159
121.246702
723.427109
-346.314090
-739.337302
8.322005
371.642266
877.519719
968.575694
-662.005969
-552.395008
178.896991
456.597281
-735.394212
-287.728559
250.485810
461.020843
835.108155
-580.377826
561.379573
79.028136
-67.927446
952.998014
635.950780
145.565290
-978.476653
-721.156185
-94.734341
-930.791158
-736.295041
970.575823
-941.842646
-345.018488
851.835397
-456.504875
-968.987657
751.440505
-430.667355
970.918373
-757.338854
-567.404593
224.122315
-286.681741
-619.685073
-808.132468
-177.269701
-48.646925
455.879159
-949.454585
-795.036208
754.424303
265.988980
-662.482384
861.544397
-544.949679
-172.744974
305.858636
-577.570911
-626.122670
83.083873
936.390992
598.802773
858.453993
596.717032
916.792730
-443.577195
-286.796072
-410.510065
-196.598100
-732.627436
262.477305
-235.446234
404.511269
-883.389659
-553.175972
-647.998567
-1.905814
-371.243686
559.891455
191.377747
-569.285571
200.019330
-966.819395
643.009360
-556.426009
-754.697740
-480.274048
-950.037223
423.215462
378.577315
-595.408197
-330.963644
874.634443
850.082911
-547.607208
460.379659
-736.828937
-968.828503
363.477447
-659.545444
665.444502
495.987910
-272.576356
-999.090884
-966.879576
357.590496
-857.017012
-712.553243
668.917247
521.570385
-675.405571
18.049245
-313.247578
-958.357269
340.506123
-661.384952
170.411953
-563.822434
264.563629
-610.444981
123.658380
-1015.458162
-733.960172
-240.802187
-662.965683
-901.377683
-615.105397
217.666592
-338.319261
-758.005475
737.058510
-76.036397
597.514015
904.012182
96.889835
-988.519103
306.757490
766.693959
-494.092013
40.193042
776.289153
818.457660
180.037585
-579.310468
-104.366914
-603.303165
-666.212003
-416.714785
69.552535
201.730956
110.120187
-715.045665
594.368898
-153.987988
-668.612017
316.018914
-851.649605
331.836105
-264.651607
-190.576115
784.244449
-39.642649
635.003469
-293.574587
647.347498
656.022363
-416.593232
-424.363960
-437.020881
-245.657170
-134.528967
480.036249
-694.172349
-275.926201
-79.457067
394.346220
-37.628187
-477.449853
175.500874
135.729819
-402.553417
-859.452006
-734.784240
625.973189
330.740800
669.928344
-820.662231
-37.865943
491.497016
-551.698114
-304.845410
-139.630551
-936.200781
550.528202
926.728996
-461.206478
465.775762
305.439541
-889.665713
206.025388
-327.758465
929.434834
554.756119
-486.846252
120.564766
727.106125
-243.929614
-612.232695
412.943786
-8.978743
-907.236249
307.625477
540.575162
198.400532
887.557426
-868.667840
552.275173
237.654136
