11 2 13 11
539.994031
-620.658773
305.163224
219.832869
244.520787
292.819621
-696.056485
-794.678306
-462.432889
-598.108334
134.890984
-535.052573
-591.615286
-1004.277657
-33.553365
826.991572
433.625230
827.278114
-729.371868
-841.967451
12.861928
-538.755742
804.889395
796.587355
-300.268164
-680.392280
341.085822
-276.221760
-298.210782
-52.744446
-192.260768
690.778467
238.153036
-191.943393
786.387483
311.191361
3.491687
-792.874729
739.531008
-361.552178
-200.063265
798.067084
-845.124543
-676.657641
943.642629
-468.604130
-151.083988
558.706017
-755.420540
379.362146
-518.228845
-481.315414
-194.203145
-979.538793
718.353356
-636.723385
823.606781
-910.262055
-242.139557
-621.589239
412.946344
-790.681370
-462.284078
40.244224
527.150412
-134.731088
742.697937
-55.779543
-62.545468
-135.465396
-348.415393
-169.506517
542.365741
-479.791949
-718.008389
-161.405614
432.579681
860.041932
96.442286
744.492007
-639.622264
-55.342103
459.918441
-901.886944
785.160972
206.706088
36.514153
919.457764
-440.078233
130.835753
-171.979484
433.680260
-319.492514
909.305654
-136.862925
-514.938338
-61.096758
266.005706
-910.483446
-930.504837
101.230527
-800.827354
-978.427708
534.544771
267.384033
742.597544
-405.831824
-327.523680
-427.920281
-804.044329
892.166308
718.739972
798.517051
-541.231716
-587.748379
229.751213
536.505267
-258.926958
-13.584678
482.164809
40.623201
962.484617
-90.249901
-446.165816
964.184641
-858.550905
-898.033360
889.530222
310.208609
792.591950
-906.002948
-248.683055
-934.696662
409.647822
396.818628
-955.385008
211.629253
228.140918
-494.507633
925.735401
470.320526
219.033905
-520.761194
-456.640354
346.669592
995.106233
-225.794208
412.608443
-131.230662
487.331004
849.239317
-911.667993
872.983359
-722.230262
139.667552
-278.960484
-832.364092
606.165267
719.181558
-896.601024
745.166067
200.415932
-323.312578
-217.251969
-984.302750
816.055926
-968.985786
507.483852
986.562612
-438.997560
-351.213617
543.641310
395.679587
-3.384044
-234.315582
309.478627
-158.324260
12.187720
-734.707527
928.885025
104.560310
-889.181311
-520.251015
370.455205
273.275506
688.197152
88.258568
781.872819
479.100074
184.393910
779.068075
-861.654911
-164.140417
-961.608351
526.441475
878.213109
87.680656
360.144863
950.083388
-742.937863
336.157563
464.178556
566.664046
989.713736
37.121247
470.675522
-953.438041
35.331710
183.645512
-528.771473
78.055630
-339.902115
506.330576
-361.844811
24.134951
-446.206569
351.923059
425.785000
330.251709
483.800643
6.734743
954.615789
-500.127834
321.570797
-976.311540
797.893249
970.318158
-834.910721
957.300900
992.900840
-379.893713
-402.110014
-774.878004
-854.081227
-236.513691
-7.480872
-954.541255
-863.723693
-684.702294
697.232112
-420.262242
305.077080
546.412273
-89.588895
146.365107
-880.265657
-379.773249
917.464404
0.022743
-397.609019
-587.705182
-207.467571
-128.771156
-915.101599
-739.151868
-791.258576
60.692334
-706.515989
155.113784
535.377971
75.645782
-395.206389
-257.410607
313.280200
412.317976
-577.694832
669.548962
395.458209
-598.681544
-540.401389
-122.130527
694.183670
-856.852385
953.054755
237.863827
274.921540
976.468119
281.260407
735.346414
-469.038962
-22.297096
424.262881
-969.779810
-414.499813
-219.313249
915.220679
631.312404
-517.073489
729.944385
80.350261
-390.634718
-556.821172
210.473407
-870.159231
586.696987
805.809634
-563.022684
976.872672
-126.521253
845.844375
735.030193
368.128993
-279.094813
-19.952958
554.244047
-245.377628
-987.604354
-107.131237
-652.813964
-299.232679
-266.965800
-694.146167
-177.571697
-284.011220
374.648907
232.813732
-998.022129
-452.728537
-455.408787
466.836019
417.982181
-263.493517
651.969240
-782.476241
-49.582884
801.690327
8.326417
522.191179
427.804873
-343.185952
-992.019322
192.274731
-679.696740
817.889160
698.507564
982.019303
90.288817
-170.886378
-508.055984
514.004322
-632.076344
-436.183639
-361.102422
-985.170727
311.191122
-891.884516
-677.291496
408.492661
-866.468674
-536.687195
263.727682
722.952085
158.455798
531.605422
497.776760
-47.698711
-127.035644
-639.381087
701.377616
-20.529664
-210.249444
529.985245
-778.206019
-165.928998
-525.920726
-974.141641
-155.556507
-258.116808
-812.231161
847.108119
-206.561975
-185.474365
209.299484
81.971707
-645.718790
966.858819
701.475932
-594.861665
-403.198825
-560.029709
-732.182130
-975.200558
205.953391
-202.312722
-99.002612
-580.391664
-180.084754
-768.083889
28.816484
174.705448
20.049200
175.241189
-661.677638
-618.962504
-312.095505
557.467279
-197.470308
392.697100
-985.400302
-831.794519
-652.848126
369.152162
501.522625
28.526761
532.805536
-487.816296
9.008566
-891.534285
815.904473
-73.380086
-97.490302
205.059094
-849.899940
179.248973
650.156819
811.649397
-411.867545
71.441865
313.363337
412.430973
-495.665714
-588.610562
161.616673
645.453828
704.451235
-485.745660
431.955429
399.396416
-483.441619
-195.532132
-295.029136
421.490747
847.560552
-796.981708
458.691482
-559.562122
-689.425942
-302.295692
893.654342
-34.066411
482.292536
679.521365
-762.756797
354.448776
-585.932909
694.700915
-994.763195
-533.920347
981.104270
24.866644
288.958672
249.824284
665.259105
-328.759623
-274.403795
703.887032
-23.722913
724.511452
-869.504947
-822.983052
-117.764749
129.659079
-680.788460
-645.332647
-900.792857
-760.916646
-545.001796
-518.113514
726.858879
-927.677113
270.599458
47.980823
-135.399832
234.406791
944.108436
-861.766470
342.831627
-376.152365
148.403294
-334.904681
-311.830502
-994.133408
426.796149
-324.925000
111.475438
-906.124742
-906.444174
-944.094360
-790.876755
743.838083
699.542283
996.639674
